{"schools": [{"school_id": "50102503", "school_name": "SD NEGERI 3 PENINJOAN", "demand": 178, "latitude": -8.3955593, "longitude": 115.4005702, "lunch_time": 570, "cluster": 14}, {"school_id": "50102508", "school_name": "SD NEGERI 5 PENINJOAN", "demand": 136, "latitude": -8.4172042, "longitude": 115.3976372, "lunch_time": 570, "cluster": 14}, {"school_id": "50102511", "school_name": "SD NEGERI 5 JEHEM", "demand": 122, "latitude": -8.447876299999999, "longitude": 115.3763372, "lunch_time": 570, "cluster": 14}, {"school_id": "50102516", "school_name": "SD NEGERI 5 YANGAPI", "demand": 163, "latitude": -8.357351999999999, "longitude": 115.3824252, "lunch_time": 570, "cluster": 14}, {"school_id": "50102518", "school_name": "SD NEGERI 7 JEHEM", "demand": 34, "latitude": -8.4233381, "longitude": 115.3722399, "lunch_time": 570, "cluster": 14}, {"school_id": "50102520", "school_name": "SD NEGERI 6 YANGAPI", "demand": 168, "latitude": -8.3990364, "longitude": 115.3821246, "lunch_time": 570, "cluster": 14}, {"school_id": "50102523", "school_name": "SD NEGERI 6 PENINJOAN", "demand": 63, "latitude": -8.4335144, "longitude": 115.3992862, "lunch_time": 570, "cluster": 14}, {"school_id": "50102525", "school_name": "SD NEGERI 6 JEHEM", "demand": 59, "latitude": -8.4642289, "longitude": 115.366763, "lunch_time": 570, "cluster": 14}, {"school_id": "50102527", "school_name": "SD NEGERI 4 YANGAPI", "demand": 85, "latitude": -8.3851297, "longitude": 115.3813462, "lunch_time": 570, "cluster": 14}, {"school_id": "50102530", "school_name": "SMP NEGERI 1 TEMBUKU", "demand": 512, "latitude": -8.4530315, "longitude": 115.3848204, "lunch_time": 720, "cluster": 14}, {"school_id": "50102541", "school_name": "SMP NEGERI 2 TEMBUKU", "demand": 485, "latitude": -8.41825, "longitude": 115.39791, "lunch_time": 720, "cluster": 14}, {"school_id": "50102546", "school_name": "SMP NEGERI 4 TEMBUKU", "demand": 382, "latitude": -8.3995515, "longitude": 115.3827474, "lunch_time": 720, "cluster": 14}, {"school_id": "50102548", "school_name": "SMP NEGERI 3 TEMBUKU", "demand": 238, "latitude": -8.430468, "longitude": 115.3795404, "lunch_time": 720, "cluster": 14}, {"school_id": "50102576", "school_name": "SMA NEGERI 1 TEMBUKU", "demand": 857, "latitude": -8.443712999999999, "longitude": 115.3952124, "lunch_time": 720, "cluster": 14}, {"school_id": "50102582", "school_name": "SD NEGERI 2 BANGBANG", "demand": 76, "latitude": -8.442742899999999, "longitude": 115.4055011, "lunch_time": 570, "cluster": 14}, {"school_id": "50102585", "school_name": "SD NEGERI 1 YANGAPI", "demand": 168, "latitude": -8.406811099999999, "longitude": 115.3863513, "lunch_time": 570, "cluster": 14}, {"school_id": "50102586", "school_name": "SD NEGERI 1 UNDISAN", "demand": 152, "latitude": -8.447233899999999, "longitude": 115.3948119, "lunch_time": 570, "cluster": 14}, {"school_id": "50102589", "school_name": "SD NEGERI 1 TEMBUKU", "demand": 118, "latitude": -8.443442, "longitude": 115.4076666, "lunch_time": 570, "cluster": 14}, {"school_id": "50102599", "school_name": "SD NEGERI 2 JEHEM", "demand": 57, "latitude": -8.461221799999999, "longitude": 115.368391, "lunch_time": 570, "cluster": 14}, {"school_id": "50102612", "school_name": "SD NEGERI 1 BANGBANG", "demand": 98, "latitude": -8.4466362, "longitude": 115.4038559, "lunch_time": 570, "cluster": 14}, {"school_id": "50102622", "school_name": "SD NEGERI 1 PENINJOAN", "demand": 92, "latitude": -8.420442099999999, "longitude": 115.3980647, "lunch_time": 570, "cluster": 14}, {"school_id": "50102629", "school_name": "SD NEGERI 1 JEHEM", "demand": 103, "latitude": -8.4418353, "longitude": 115.3761612, "lunch_time": 570, "cluster": 14}, {"school_id": "50102631", "school_name": "SD NEGERI 4 TEMBUKU", "demand": 62, "latitude": -8.4456574, "longitude": 115.3850406, "lunch_time": 570, "cluster": 14}, {"school_id": "50102632", "school_name": "SD NEGERI 3 YANGAPI", "demand": 98, "latitude": -8.4271095, "longitude": 115.390666, "lunch_time": 570, "cluster": 14}, {"school_id": "50102633", "school_name": "SD NEGERI 2 UNDISAN", "demand": 80, "latitude": -8.4398055, "longitude": 115.3957478, "lunch_time": 570, "cluster": 14}, {"school_id": "50102636", "school_name": "SD NEGERI 3 TEMBUKU", "demand": 92, "latitude": -8.410455299999999, "longitude": 115.3802223, "lunch_time": 570, "cluster": 14}, {"school_id": "50102643", "school_name": "SD NEGERI 4 BANGBANG", "demand": 53, "latitude": -8.4595086, "longitude": 115.3972352, "lunch_time": 570, "cluster": 14}, {"school_id": "50102647", "school_name": "SD NEGERI 4 PENINJOAN", "demand": 190, "latitude": -8.413148999999999, "longitude": 115.409276, "lunch_time": 570, "cluster": 14}, {"school_id": "50102652", "school_name": "SD NEGERI 4 JEHEM", "demand": 81, "latitude": -8.434600999999999, "longitude": 115.3806822, "lunch_time": 570, "cluster": 14}, {"school_id": "50102658", "school_name": "SD NEGERI 2 TEMBUKU", "demand": 82, "latitude": -8.427731699999999, "longitude": 115.3840751, "lunch_time": 570, "cluster": 14}, {"school_id": "50102665", "school_name": "SD NEGERI 2 PENINJOAN", "demand": 145, "latitude": -8.3825553, "longitude": 115.400552, "lunch_time": 570, "cluster": 14}, {"school_id": "50102669", "school_name": "SD NEGERI 2 YANGAPI", "demand": 276, "latitude": -8.3683663, "longitude": 115.3899636, "lunch_time": 570, "cluster": 14}, {"school_id": "50102672", "school_name": "SD NEGERI 3 JEHEM", "demand": 118, "latitude": -8.4015513, "longitude": 115.3757155, "lunch_time": 570, "cluster": 14}, {"school_id": "50102681", "school_name": "SD NEGERI 3 BANGBANG", "demand": 91, "latitude": -8.4384753, "longitude": 115.4096761, "lunch_time": 570, "cluster": 14}, {"school_id": "50103620", "school_name": "SMP NEGERI 5 TEMBUKU", "demand": 181, "latitude": -8.368630000000001, "longitude": 115.38994, "lunch_time": 720, "cluster": 14}, {"school_id": "50105018", "school_name": "TK NEGERI ANTUGAN", "demand": 22, "latitude": -8.4632179, "longitude": 115.352405, "lunch_time": 480, "cluster": 14}, {"school_id": "50105066", "school_name": "TK NEGERI YANGAPI", "demand": 27, "latitude": -8.4335122, "longitude": 115.3911195, "lunch_time": 480, "cluster": 14}, {"school_id": "50105524", "school_name": "SMKN 1 TEMBUKU", "demand": 960, "latitude": -8.443442, "longitude": 115.4076666, "lunch_time": 720, "cluster": 14}, {"school_id": "69802388", "school_name": "TK NEGERI UMBALAN", "demand": 30, "latitude": -8.4270737, "longitude": 115.3906629, "lunch_time": 480, "cluster": 14}], "kitchens": [{"kitchen_name": "SPPG Bangli Tembuku Tembuku 1", "latitude": -8.4280273, "longitude": 115.3856129, "type": "sppg"}, {"kitchen_name": "SPPG Bangli Susut Demulih", "latitude": -8.4484028, "longitude": 115.3956225, "type": "sppg"}, {"kitchen_name": "SPPG Bangli Bangli Cempaga", "latitude": -8.444477, "longitude": 115.3710535, "type": "sppg"}, {"kitchen_name": "SPPG Karangasem Rendang Nongan", "latitude": -8.4349028, "longitude": 115.4157331, "type": "sppg"}, {"kitchen_name": "Warung ayam bakar ibu listya penglipuran", "latitude": -8.4212366, "longitude": 115.3602782, "type": "buffet_restaurant"}, {"kitchen_name": "Jajanan LakLak Manohara", "latitude": -8.4472478, "longitude": 115.4118797, "type": "buffet_restaurant"}, {"kitchen_name": "Ristorante Lereng Agung", "latitude": -8.4149596, "longitude": 115.4245207, "type": "buffet_restaurant"}, {"kitchen_name": "SPB Catering", "latitude": -8.443776999999999, "longitude": 115.3560936, "type": "catering_service"}, {"kitchen_name": "Mahagiri Panoramic Resort & Restaurant", "latitude": -8.423208899999999, "longitude": 115.4282001, "type": "buffet_restaurant"}, {"kitchen_name": "SPPG Bangli Susut Tiga", "latitude": -8.392325565090248, "longitude": 115.35753173893984, "type": "sppg"}, {"kitchen_name": "SPPG Bangli Bangli Kawan 2", "latitude": -8.456176700402485, "longitude": 115.35312178911656, "type": "sppg"}, {"kitchen_name": "SPPG Bangli Bangli Kawan", "latitude": -8.4632769, "longitude": 115.3495195, "type": "sppg"}, {"kitchen_name": "Rumah Makan Muslim Alifia", "latitude": -8.4669855, "longitude": 115.3509091, "type": "buffet_restaurant"}, {"kitchen_name": "DE DAPOER", "latitude": -8.478743999999999, "longitude": 115.3710558, "type": "catering_service"}, {"kitchen_name": "SPPG Bangli Tembuku Yangapi", "latitude": -8.3660059, "longitude": 115.3857367, "type": "sppg"}, {"kitchen_name": "SPPG Bangli Susut Penglumbaran", "latitude": -8.3730023, "longitude": 115.3448186, "type": "sppg"}, {"kitchen_name": "Catering Cempaka Putih", "latitude": -8.492277399999999, "longitude": 115.402533, "type": "buffet_restaurant"}, {"kitchen_name": "WR.ASTUNGKARA", "latitude": -8.493199299999999, "longitude": 115.4053159, "type": "catering_service"}, {"kitchen_name": "SPPG Klungkung Klungkung Semarapura Tengah", "latitude": -8.498361899999999, "longitude": 115.3997958, "type": "sppg"}, {"kitchen_name": "Lovesweet.bites", "latitude": -8.401952699999999, "longitude": 115.3164593, "type": "buffet_restaurant"}, {"kitchen_name": "Jajan bali Bolu Begina", "latitude": -8.4983115, "longitude": 115.3639226, "type": "buffet_restaurant"}, {"kitchen_name": "LA CATERING", "latitude": -8.4112885, "longitude": 115.3115626, "type": "catering_service"}, {"kitchen_name": "SPPG Bangli Bangli Landih", "latitude": -8.345637199999999, "longitude": 115.3857364, "type": "sppg"}, {"kitchen_name": "Pak Budhi Catering", "latitude": -8.4226642, "longitude": 115.3094818, "type": "catering_service"}, {"kitchen_name": "The Paon Bali Supplier & Catering", "latitude": -8.4708455, "longitude": 115.2827196, "type": "catering_service"}, {"kitchen_name": "Kitchen 224 Klungkung", "latitude": -8.5395814, "longitude": 115.4053809, "type": "catering_service"}, {"kitchen_name": "Sekar Bali Catering", "latitude": -8.545789599999999, "longitude": 115.40869569999998, "type": "catering_service"}, {"kitchen_name": "SPPG Klungkung Dawan Gunaksa", "latitude": -8.5450991, "longitude": 115.4205393, "type": "sppg"}, {"kitchen_name": "Wija Kitchen", "latitude": -8.5333044, "longitude": 115.3252881, "type": "buffet_restaurant"}, {"kitchen_name": "Lakeview Restaurant", "latitude": -8.283273699999999, "longitude": 115.3652745, "type": "buffet_restaurant"}], "suppliers": [{"supplier_name": "PAWON ULAM", "latitude": -8.4194996, "longitude": 115.3818615, "type": "butcher"}, {"supplier_name": "Yadnya sari (ayam panggang)", "latitude": -8.4206568, "longitude": 115.398051, "type": "butcher"}, {"supplier_name": "UD.Tampuagan Jaya", "latitude": -8.419349799999999, "longitude": 115.39807179999998, "type": "butcher"}, {"supplier_name": "Pasar Kedui", "latitude": -8.4108132, "longitude": 115.3806911, "type": "market"}, {"supplier_name": "Pasar Metra", "latitude": -8.4068282, "longitude": 115.3853941, "type": "market"}, {"supplier_name": "paek kandang pak lampu", "latitude": -8.441332, "longitude": 115.398321, "type": "butcher"}, {"supplier_name": "MADE DARMIKA \"AYAM PANGGANG\"", "latitude": -8.402438799999999, "longitude": 115.3833445, "type": "butcher"}, {"supplier_name": "Kios Budi Mulia", "latitude": -8.409685999999999, "longitude": 115.407838, "type": "market"}, {"supplier_name": "Jual susu kedelai gusgnz", "latitude": -8.4399718, "longitude": 115.36968439999998, "type": "market"}, {"supplier_name": "Kandang ayam aduan SDF Bangli", "latitude": -8.4467822, "longitude": 115.3738632, "type": "market"}, {"supplier_name": "Pasar Tembuku", "latitude": -8.451931300000002, "longitude": 115.38492359999998, "type": "market"}, {"supplier_name": "Warung Bu Agung Made", "latitude": -8.4496422, "longitude": 115.3756798, "type": "market"}, {"supplier_name": "warung spanduk pink", "latitude": -8.445027999999999, "longitude": 115.36900969999998, "type": "market"}, {"supplier_name": "Loloh Cem-cem Penglipuran Ibu Kunil", "latitude": -8.4209167, "longitude": 115.3603611, "type": "market"}, {"supplier_name": "Selip Daging Kaler", "latitude": -8.431788899999999, "longitude": 115.4171577, "type": "butcher"}, {"supplier_name": "Penglipuran Sewa Pakian Bali", "latitude": -8.425014, "longitude": 115.3579622, "type": "market"}, {"supplier_name": "Pasar Menanga", "latitude": -8.4103665, "longitude": 115.4212012, "type": "market"}, {"supplier_name": "Rumah sate puri bukal", "latitude": -8.4469245, "longitude": 115.3585237, "type": "butcher"}, {"supplier_name": "Ayam Panggang Pan Kobar", "latitude": -8.460508299999999, "longitude": 115.4067324, "type": "butcher"}, {"supplier_name": "BELAWA SEKAR SANDAT", "latitude": -8.4241856, "longitude": 115.3470834, "type": "butcher"}, {"supplier_name": "Kidul Market Bangli", "latitude": -8.4553333, "longitude": 115.356461, "type": "market"}, {"supplier_name": "Pasar Lumbuan", "latitude": -8.407238099999999, "longitude": 115.3476001, "type": "market"}, {"supplier_name": "Puri Buah", "latitude": -8.4564812, "longitude": 115.3571796, "type": "market"}, {"supplier_name": "Gardana's Store", "latitude": -8.454729, "longitude": 115.35486199999998, "type": "market"}, {"supplier_name": "BINTANG MESARI", "latitude": -8.4520191, "longitude": 115.34987859999998, "type": "butcher"}, {"supplier_name": "ayam panggang DJ", "latitude": -8.459958799999999, "longitude": 115.356353, "type": "butcher"}, {"supplier_name": "PASAR HEWAN KAYUAMBUA", "latitude": -8.391992199999999, "longitude": 115.3533736, "type": "market"}, {"supplier_name": "Warung Krisna", "latitude": -8.4413333, "longitude": 115.3426819, "type": "market"}, {"supplier_name": "Rumah Sinar ( MK Jata) Penggiling daging", "latitude": -8.3974647, "longitude": 115.4316366, "type": "butcher"}, {"supplier_name": "Mujair nyat nyat songan", "latitude": -8.4618571, "longitude": 115.35256400000002, "type": "market"}], "first_echelon_matrix": [[0, 4604.8, 4417.1, 956.9, 1833.4, 6023.8, 2268.2, 11234.2, 7245, 5777.5, 3824.4, 5626.1, 6697.9, 11900.7, 10600.2, 12128.3, 13024.5, 7985.8, 8778.5, 10918.5, 9178.5, 12832.8, 9396.2, 9299.3, 10138.3, 9686.4, 14714, 12199.8, 16175.2, 10281.5, 1220.5, 5654.9, 6922.4, 10223.2, 11864.2, 8788.1, 13903.2, 8085.3, 13436.9, 15447.5, 9649.7, 10864.1, 11046.3, 7481.2, 8644.9, 17659.9, 13734.6, 14160.9, 14846.1, 23216.3, 10445.4, 22055.8, 8676.9, 20828, 36287.7, 19357.5, 20489.4, 21524.9, 22537.9, 18546.3], [4604.8, 0, 187.7, 3686, 2771.4, 2952.3, 3361.8, 4524, 10374.8, 8907.3, 5666.6, 8755.8, 9827.7, 15030.5, 8808.3, 15258.1, 11232.7, 11115.6, 6986.7, 14048.2, 12308.3, 15962.6, 12526, 12429.1, 13268.1, 12816.1, 17843.8, 15329.6, 14383.4, 13411.3, 5825.3, 3863, 10052.2, 8431.4, 14993.9, 6996.3, 12111.3, 11215, 11645.1, 18577.2, 12779.5, 13993.9, 14176.1, 10869.3, 6841.6, 20789.6, 11942.7, 12369, 13054.3, 26346.1, 13833.5, 25185.5, 9770.6, 23957.8, 42519.8, 17565.6, 18697.6, 19733.1, 28769.9, 19639.9], [4417.1, 187.7, 0, 3498.2, 2583.7, 3083.6, 3174.1, 4336.2, 10506.1, 9038.5, 5797.8, 8887.1, 9958.9, 15161.7, 8939.6, 15389.3, 11363.9, 11246.8, 7118, 14179.5, 12439.5, 16093.8, 12657.3, 12560.4, 13399.3, 12947.4, 17975, 15460.9, 14514.6, 13542.5, 5637.6, 3994.3, 10183.4, 8562.7, 15125.2, 7127.5, 12242.6, 11346.3, 11776.3, 18708.5, 12910.8, 14125.1, 14307.3, 11000.5, 6653.9, 25901.2, 12074, 12500.3, 13185.5, 26477.4, 13964.7, 25316.8, 9582.9, 24089, 42651, 17696.9, 18828.8, 19864.4, 28901.2, 19452.2], [956.9, 3686, 3498.2, 0, 914.6, 6980.7, 1349.4, 7177.9, 8202, 6734.5, 4781.4, 6583, 7654.8, 12857.6, 11557.1, 13085.2, 13981.5, 8942.8, 9735.5, 11875.4, 10135.4, 13789.7, 10353.2, 10256.3, 11095.3, 10643.3, 15671, 13156.8, 17132.2, 11238.5, 2177.5, 6611.8, 7879.4, 11180.2, 12821.1, 9745, 14860.1, 9042.2, 14393.9, 16404.4, 10606.7, 11821, 12003.3, 8438.1, 7726, 18616.8, 14691.5, 15117.8, 15803.1, 24173.3, 11402.4, 23012.7, 7758.1, 21785, 37244.7, 20314.4, 21446.4, 22481.9, 23494.8, 17627.4], [1833.4, 2771.4, 2583.7, 914.6, 0, 6136.6, 590.4, 6263.4, 9078.4, 7610.9, 5657.8, 7459.4, 8531.3, 13734.1, 10713, 13961.7, 13137.3, 9819.2, 8891.4, 12751.8, 11011.9, 14666.2, 11229.6, 11132.7, 11971.7, 11519.8, 16547.4, 14033.2, 16288.1, 12114.9, 3053.9, 5767.7, 8755.8, 10336.1, 13697.5, 8900.9, 14016, 9918.7, 13549.7, 17280.8, 11483.1, 12697.5, 12879.7, 9314.6, 6967.1, 23317.5, 13847.4, 14273.7, 14958.9, 25049.7, 12278.8, 23889.2, 6999.2, 22661.4, 44424.4, 19470.3, 20602.2, 21637.8, 30674.6, 16868.5], [6023.8, 2952.3, 3083.6, 6980.7, 6136.6, 0, 6727, 6490.1, 7422.5, 5954.9, 2714.3, 5803.5, 6875.3, 12078.1, 5856, 12305.7, 8280.3, 8163.3, 4034.4, 11095.9, 9355.9, 13010.2, 9573.7, 9476.8, 10315.8, 9863.8, 14891.5, 12377.3, 11431.1, 10459, 4881, 910.7, 7099.9, 5479.1, 12041.6, 4043.9, 9159, 8262.7, 8692.7, 15624.9, 9827.2, 11041.5, 11223.8, 7916.9, 13103.7, 17837.3, 8990.4, 9416.7, 10102, 23393.8, 10881.2, 22233.2, 13135.8, 21005.5, 39567.5, 14613.3, 15745.2, 16780.8, 25817.6, 26594.7], [2268.2, 3361.8, 3174.1, 1349.4, 590.4, 6727, 0, 6853.8, 9513.3, 8045.7, 6092.6, 7894.3, 8966.1, 14168.9, 11303.4, 14396.5, 13727.8, 10254, 9481.8, 13186.7, 11446.7, 15101, 11664.4, 11567.6, 12406.5, 11954.6, 16982.2, 14468, 16878.5, 12549.7, 3488.7, 6358.1, 9190.6, 10926.5, 14132.4, 9491.4, 14606.4, 10353.5, 14140.2, 17715.7, 11918, 13132.3, 13314.5, 9749.4, 6376.7, 22727.1, 14437.8, 14864.2, 15549.4, 31707.1, 12713.6, 30546.5, 6408.7, 23096.2, 45014.9, 20060.7, 21192.7, 22228.2, 31265, 16278.1], [11234.2, 4524, 4336.2, 7177.9, 6263.4, 6490.1, 6853.8, 0, 12633, 11165.4, 7924.7, 11014, 12085.8, 17288.6, 8614.3, 17516.2, 11038.6, 13373.7, 6792.6, 16306.4, 14566.4, 18220.7, 14784.1, 14687.3, 15526.2, 15074.3, 20101.9, 17587.7, 14189.3, 15669.4, 10091.5, 5963.5, 12310.3, 8237.3, 17252.1, 6802.2, 11917.2, 13473.2, 11451, 20835.4, 15037.7, 16252, 16434.2, 10931.5, 8425.3, 24563.1, 11748.7, 12175, 12860.2, 33543, 13895.7, 32382.5, 9013, 26215.9, 42325.7, 17371.6, 18503.5, 19539, 28575.8, 18114], [7245, 10374.8, 10506.1, 8202, 9078.4, 7422.5, 9513.3, 12633, 0, 1467.5, 4708.2, 2331.1, 547.2, 3594.3, 11998.9, 3821.9, 14423.2, 2059, 10177.3, 4991.7, 3251.7, 6906, 3469.4, 3372.5, 4211.5, 3759.6, 8787.2, 6273, 17574, 4354.7, 6748, 7053.6, 564.4, 11622, 3557.8, 10186.8, 15301.9, 2158.5, 14835.6, 7141.1, 3722.9, 4937.3, 5119.5, 8365, 15889.9, 12297.4, 15133.3, 15559.6, 16244.9, 17289.5, 11329.2, 16129, 16226.6, 14901.2, 30360.9, 20756.2, 21888.1, 22923.7, 16611.1, 18901.5], [5777.5, 8907.3, 9038.5, 6734.5, 7610.9, 5954.9, 8045.7, 11165.4, 1467.5, 0, 3240.7, 863.5, 920.4, 6123.2, 10531.4, 6350.8, 12955.7, 2208.3, 8709.7, 5141, 3401, 7055.3, 3618.7, 3521.8, 4360.8, 3908.9, 8936.5, 6422.3, 16106.4, 4504, 5280.5, 5586, 1144.9, 10154.4, 6086.7, 8719.3, 13834.3, 2307.8, 13368.1, 9670, 3872.2, 5086.6, 5268.8, 6897.4, 14422.4, 11882.4, 13665.8, 14092.1, 14777.3, 17438.8, 9861.7, 16278.3, 14454.4, 15050.5, 30510.2, 19288.6, 20420.6, 21456.1, 16760.4, 21430.4], [3824.4, 5666.6, 5797.8, 4781.4, 5657.8, 2714.3, 6092.6, 7924.7, 4708.2, 3240.7, 0, 3089.2, 4161.1, 9363.9, 7290.7, 9591.5, 9715, 5449, 5469, 8381.6, 6641.7, 10296, 6859.4, 6762.5, 7601.5, 7149.5, 12177.2, 9663, 12865.7, 7744.7, 2681.7, 2345.4, 4385.6, 6913.7, 9327.3, 5478.6, 10593.7, 5548.4, 10127.4, 12910.6, 7112.9, 8327.3, 8509.5, 3674.7, 12469.3, 15123.1, 10425.1, 10851.4, 11536.6, 20679.5, 6638.9, 19519, 12501.3, 18291.2, 33750.9, 16048, 17179.9, 18215.4, 20001.1, 24671.1], [5626.1, 8755.8, 8887.1, 6583, 7459.4, 5803.5, 7894.3, 11014, 2331.1, 863.5, 3089.2, 0, 1783.9, 6986.7, 10379.9, 7214.3, 12804.2, 3071.9, 8558.3, 6004.5, 4264.5, 7918.8, 4482.3, 4385.4, 5224.4, 4772.4, 9800, 7285.9, 15955, 5367.6, 5129, 5434.6, 2008.5, 10003, 6950.2, 8567.8, 13682.9, 3171.3, 13216.6, 10533.5, 4735.8, 5950.1, 6132.4, 6746, 14270.9, 12745.9, 13514.3, 13940.6, 14625.9, 18302.4, 9710.2, 17141.8, 14303, 15914.1, 31373.8, 19137.2, 20269.1, 21304.7, 17623.9, 22293.9], [6697.9, 9827.7, 9958.9, 7654.8, 8531.3, 6875.3, 8966.1, 12085.8, 547.2, 920.4, 4161.1, 1783.9, 0, 5426.7, 11451.8, 5654.3, 13876.1, 1511.9, 9630.1, 4444.5, 2704.5, 6358.8, 2922.3, 2825.4, 3664.4, 3212.4, 8240.1, 5725.9, 17026.8, 3807.6, 6200.9, 6506.4, 559.9, 11074.8, 5390.2, 9639.7, 14754.7, 1611.3, 14288.5, 8973.5, 3175.8, 4390.1, 4572.4, 7817.8, 15342.8, 11185.9, 14586.1, 15012.5, 15697.7, 16742.4, 10782.1, 15581.8, 18059, 14354.1, 29813.8, 20209, 21341, 22376.5, 16063.9, 20733.9], [11900.7, 15030.5, 15161.7, 12857.6, 13734.1, 12078.1, 14168.9, 17288.6, 3594.3, 6123.2, 9363.9, 6986.7, 5426.7, 0, 16654.6, 599, 19078.9, 4567.1, 14832.9, 6080.5, 5100.9, 4166.1, 5318.7, 5221.8, 6060.7, 5608.8, 5413.6, 8122.3, 22229.6, 6203.9, 11403.7, 11709.2, 5762.7, 16277.6, 36.5, 14842.5, 19957.5, 3861, 19491.3, 3546.8, 5572.2, 6786.5, 6968.7, 13020.6, 16678.5, 8703.1, 19788.9, 20215.3, 20900.5, 17683.1, 15984.9, 16522.5, 14098.8, 16066.1, 23601.1, 22819.3, 22597.3, 25786, 18460.3, 16940.5], [10600.2, 8808.3, 8939.6, 11557.1, 10713, 5856, 11303.4, 8614.3, 11998.9, 10531.4, 7290.7, 10379.9, 11451.8, 16654.6, 0, 16882.2, 2424.3, 12739.7, 3382.6, 15672.3, 13932.4, 17586.7, 14150.1, 14053.2, 14892.2, 14440.2, 19467.9, 16953.7, 5575, 15035.4, 9457.4, 5329.4, 11676.3, 376.9, 16618, 1812.1, 3303, 12839.1, 2836.7, 20201.3, 14403.6, 15617.9, 15800.2, 10297.4, 17680.1, 22413.7, 8338.6, 8764.9, 9450.2, 27970.2, 13261.7, 26809.6, 16859, 25581.9, 38915.7, 13961.5, 15093.5, 16129, 25165.8, 20738.7], [12128.3, 15258.1, 15389.3, 13085.2, 13961.7, 12305.7, 14396.5, 17516.2, 3821.9, 6350.8, 9591.5, 7214.3, 5654.3, 599, 16882.2, 0, 19306.5, 4794.7, 15060.5, 5732, 5328.5, 3817.6, 5546.3, 5449.4, 6288.3, 5836.4, 6012.6, 8349.9, 22457.2, 6431.5, 11631.3, 11936.8, 5990.3, 16505.2, 562.4, 15070.1, 20185.1, 4088.6, 19718.9, 4145.7, 5799.8, 7014.1, 7196.3, 13248.2, 16906.1, 9302, 20016.5, 20442.9, 21128.1, 18282, 16212.5, 17121.5, 14326.5, 16665, 24200.1, 23046.9, 22824.9, 26013.6, 18687.9, 17539.4], [13024.5, 11232.7, 11363.9, 13981.5, 13137.3, 8280.3, 13727.8, 11038.6, 14423.2, 12955.7, 9715, 12804.2, 13876.1, 19078.9, 2424.3, 19306.5, 0, 15164, 5806.9, 18096.6, 16356.7, 20011, 16574.4, 16477.5, 17316.5, 16864.6, 21892.2, 19378, 3150.7, 17459.7, 11881.7, 7753.7, 14100.6, 2801.3, 19042.3, 4236.4, 878.6, 15263.5, 2422.2, 22625.6, 16827.9, 18042.3, 18224.5, 12721.8, 17014.4, 28862.3, 10762.9, 11189.3, 11874.5, 37842.3, 15686, 36681.8, 14434.7, 28006.2, 41340, 16385.8, 17517.8, 18553.3, 27590.1, 18314.4], [7985.8, 11115.6, 11246.8, 8942.8, 9819.2, 8163.3, 10254, 13373.7, 2059, 2208.3, 5449, 3071.9, 1511.9, 4567.1, 12739.7, 4794.7, 15164, 0, 10918, 6225.9, 1212.7, 8140.3, 1430.5, 1333.6, 2172.5, 1720.6, 10021.5, 4234.1, 18314.7, 2315.7, 7488.8, 7794.4, 1847.9, 12362.7, 4530.6, 10927.6, 16042.7, 751.7, 15576.4, 8113.9, 1684, 2898.3, 3080.5, 9105.8, 16630.7, 12967.3, 15874.1, 16300.4, 16985.6, 15250.6, 12070, 14090, 17199.4, 12862.2, 28322, 18931, 18709.1, 21897.8, 14572.1, 19874.3], [8778.5, 6986.7, 7118, 9735.5, 8891.4, 4034.4, 9481.8, 6792.6, 10177.3, 8709.7, 5469, 8558.3, 9630.1, 14832.9, 3382.6, 15060.5, 5806.9, 10918, 0, 13850.7, 12110.7, 15765, 12328.5, 12231.6, 13070.5, 12618.6, 17646.2, 15132.1, 8957.6, 13213.7, 7635.8, 3507.8, 9854.6, 3005.6, 14796.4, 1570.5, 6685.6, 11017.5, 6219.3, 18379.7, 12582, 13796.3, 13978.5, 7451.7, 15858.5, 20592.1, 4956, 5382.3, 6067.6, 41272.5, 10415.9, 40112, 15890.5, 38884.2, 35533.1, 10578.9, 11710.9, 12746.4, 21783.2, 24121.3], [10918.5, 14048.2, 14179.5, 11875.4, 12751.8, 11095.9, 13186.7, 16306.4, 4991.7, 5141, 8381.6, 6004.5, 4444.5, 6080.5, 15672.3, 5732, 18096.6, 6191, 13850.7, 0, 5299.9, 1914.3, 5517.6, 5420.7, 4053.4, 5807.7, 3795.5, 1991.9, 21247.4, 5706.7, 10421.5, 10727, 4780.5, 15295.4, 6117, 13860.2, 18975.3, 2878.8, 18509, 5662.4, 5074.9, 6289.2, 6471.5, 12038.4, 24986.8, 6741.4, 18806.7, 19233, 19918.3, 17667.3, 21948.9, 16506.7, 22407.1, 16050.3, 23585.3, 22673.3, 22451.4, 25640, 18314.4, 16924.7], [9180.9, 12310.7, 12442, 10137.9, 11014.3, 9358.4, 11449.2, 14568.9, 3254.2, 3403.4, 6644.1, 4267, 2707, 5103.4, 13934.8, 5331, 16359.1, 1215.2, 12113.2, 5271.1, 0, 7185.5, 217.7, 210.9, 1217.7, 507.9, 9066.7, 3279.3, 19509.9, 1088.4, 8683.9, 8989.5, 3043, 13557.9, 5066.9, 12122.7, 17237.8, 1288, 16771.5, 8650.1, 729.2, 1659, 2227.9, 10300.9, 17825.8, 12012.5, 17069.2, 17495.5, 18180.8, 14295.8, 16993.9, 13135.2, 17735.6, 11907.5, 27109.2, 17718.3, 17496.4, 20685, 13359.4, 22195.8], [12832.8, 15962.6, 16093.8, 13789.7, 14666.2, 13010.2, 15101, 18220.7, 6906, 7055.3, 10296, 7918.8, 6358.8, 4166.1, 17586.7, 3817.6, 20011, 8105.3, 15765, 1914.3, 7214.2, 0, 7431.9, 7335.1, 5967.7, 7722.1, 1881.2, 3906.2, 23161.7, 7621, 12335.8, 12641.3, 6694.8, 17209.7, 4202.7, 15774.6, 20889.6, 4793.1, 20423.4, 3748.1, 6989.2, 8203.6, 8385.8, 13952.7, 23072.5, 4827.1, 20721, 21147.4, 21832.6, 15752.9, 23863.2, 14592.4, 20492.8, 14135.9, 21671, 24587.7, 24365.7, 27554.4, 20228.7, 15010.3], [9398.7, 12528.5, 12659.7, 10355.6, 11232.1, 9576.1, 11666.9, 14786.6, 3471.9, 3621.2, 6861.9, 4484.7, 2924.7, 5321.1, 14152.5, 5548.7, 16576.9, 1432.9, 12330.9, 5488.9, 217.7, 7403.2, 0, 428.6, 1435.5, 496.6, 9284.4, 3497, 19727.6, 1077.2, 8901.7, 9207.2, 3260.7, 13775.6, 5284.6, 12340.5, 17455.5, 1505.7, 16989.3, 8867.9, 946.9, 1647.7, 2216.6, 10518.6, 18043.6, 12230.3, 17286.9, 17713.3, 18398.5, 14513.5, 16982.7, 13352.9, 17953.4, 12125.2, 27098, 17707.1, 17485.1, 20673.8, 13348.1, 22413.5], [9600.4, 12730.1, 12861.4, 10557.3, 11433.7, 9777.8, 11868.6, 14988.3, 3673.6, 3822.8, 7063.5, 4686.4, 3126.4, 5522.8, 14354.2, 5750.4, 16778.5, 1634.6, 12532.6, 5060.5, 743.5, 6974.8, 961.2, 0, 1007.1, 1251.4, 8856, 3068.6, 19929.3, 988.7, 9103.3, 9408.9, 3462.4, 13977.3, 5486.3, 12542.1, 17657.2, 1707.4, 17190.9, 9069.6, 356.9, 1571.3, 1753.5, 10720.3, 18245.2, 11801.9, 17488.6, 17914.9, 18600.2, 14085.1, 17230.9, 12924.6, 18155, 11696.8, 27346.2, 17955.3, 17733.4, 20922, 13596.4, 21985.1], [10103.3, 13233.1, 13364.4, 11060.3, 11936.7, 10280.8, 12371.6, 15491.3, 4176.5, 4325.8, 7566.5, 5189.4, 3629.4, 6025.8, 14857.2, 6253.4, 17281.5, 2137.6, 13035.6, 4053.4, 1246.5, 5967.7, 1464.2, 1367.3, 0, 1754.4, 7848.9, 2061.5, 20432.3, 1653.3, 9606.3, 9911.9, 3965.4, 14480.3, 5989.3, 13045.1, 18160.2, 2210.4, 17693.9, 9715.8, 1021.5, 2235.9, 2418.1, 11223.3, 18748.2, 10794.8, 17991.6, 18417.9, 19103.2, 13078, 17895.5, 11917.5, 18658, 10689.7, 18996.1, 18619.9, 18398, 21586.7, 14261, 20978], [9688.8, 12818.6, 12949.8, 10645.8, 11522.2, 9866.3, 11957, 15076.7, 3762, 3911.3, 7152, 4774.9, 3214.9, 5611.3, 14442.7, 5838.9, 16867, 1723, 12621, 5779, 507.9, 7693.3, 496.6, 718.7, 1725.6, 0, 9574.5, 3787.1, 20017.7, 580.5, 9191.8, 9497.4, 3550.9, 14065.7, 5574.7, 12630.6, 17745.7, 1795.8, 17279.4, 9158, 1237, 1151.1, 1720, 10808.8, 18333.7, 12520.4, 17577.1, 18003.4, 18688.6, 14803.6, 16486, 13643.1, 18243.5, 12415.3, 26601.4, 17210.4, 16988.5, 20177.2, 12851.5, 22703.7], [14714, 17843.8, 17975, 15671, 16547.4, 14891.5, 16982.2, 20101.9, 8787.2, 8936.5, 12177.2, 9800, 8240.1, 5413.6, 19467.9, 6012.6, 21892.2, 9986.5, 17646.2, 3795.5, 9095.4, 1881.2, 9313.2, 9216.3, 7848.9, 9603.3, 0, 5787.4, 25042.9, 9502.2, 14217, 14522.5, 8576, 19090.9, 5450.2, 17655.8, 22770.8, 6674.3, 22304.6, 1866.9, 8870.4, 10084.8, 10267, 15833.9, 21191.3, 4891.7, 22602.3, 23028.6, 23713.8, 13871.7, 25744.4, 12711.2, 18611.6, 12254.7, 19789.8, 26468.9, 26246.9, 29435.6, 29676.3, 13129.1], [12164.9, 15294.6, 15425.9, 13121.8, 13998.3, 12342.3, 14433.1, 17552.8, 6238.1, 6387.4, 9628, 7250.9, 5690.9, 8087.3, 16918.7, 8314.9, 19343.1, 4199.1, 15097.1, 1991.9, 3308, 3906.2, 3525.7, 3428.9, 2061.5, 3815.9, 5787.4, 0, 22493.8, 3714.8, 11667.9, 11973.4, 6026.9, 16541.8, 8050.8, 15106.6, 20221.7, 4271.9, 19755.5, 7654.3, 3083, 4297.4, 4479.6, 13284.8, 20809.7, 8733.3, 20053.1, 20479.4, 21164.7, 11755, 19957, 10594.5, 20719.6, 9366.7, 17673.1, 20681.5, 20459.5, 23648.2, 16322.5, 18916.5], [16126, 14334.2, 14465.4, 17083, 16238.8, 11381.8, 16829.3, 14140.1, 17524.7, 16057.2, 12816.5, 15905.7, 16977.6, 22180.4, 5525.8, 22408, 3198.6, 18265.5, 8908.4, 21198.2, 19458.2, 23112.5, 19675.9, 19579, 20418, 19966.1, 24993.7, 22479.5, 0, 20561.2, 14983.2, 10855.3, 17202.1, 5902.8, 22143.9, 7337.9, 3538.4, 18365, 5082, 25727.2, 19929.4, 21143.8, 21326, 15823.3, 20213, 32060.9, 13864.4, 14290.8, 14976, 33496, 18787.5, 32335.5, 17633.4, 31107.7, 44441.5, 19487.3, 20619.3, 21654.8, 30691.6, 21513], [10246.5, 13376.3, 13507.6, 11203.5, 12079.9, 10424, 12514.8, 15634.5, 4319.7, 4469, 7709.7, 5332.6, 3772.6, 6169, 15000.4, 6396.6, 17424.7, 2280.8, 13178.8, 5706.7, 1389.7, 7621, 1130.3, 1510.5, 1653.3, 633.7, 9502.2, 3714.8, 20575.5, 0, 9749.5, 10055.1, 4108.6, 14623.5, 6132.5, 13188.3, 18303.4, 2353.6, 17837.1, 9715.7, 631.8, 582.6, 764.8, 11366.5, 18891.4, 12448.1, 18134.8, 18561.1, 19246.4, 14731.3, 16242.2, 13570.8, 18801.2, 12343, 26357.6, 16966.6, 16744.7, 19933.4, 12607.7, 22631.3], [1570, 6174.7, 5987, 2526.9, 3403.3, 4881, 3838.2, 10091.5, 6748, 5280.5, 2681.7, 5129, 6200.9, 11403.7, 9457.4, 11631.3, 11881.7, 7488.8, 7635.8, 10421.5, 8681.5, 12335.8, 8899.2, 8802.3, 9641.3, 9189.4, 14217, 11702.8, 15032.5, 9784.5, 0, 4512.1, 6425.4, 9080.5, 11367.2, 7645.3, 12760.4, 7588.3, 12294.1, 14950.5, 9152.7, 10367.1, 10549.3, 6338.4, 10214.8, 17162.9, 12591.8, 13018.1, 13703.4, 22719.3, 9302.6, 21558.8, 10246.9, 20331, 35790.7, 18214.7, 19346.6, 20382.2, 22040.9, 20116.2], [5654.9, 3863, 3994.3, 6611.8, 5767.7, 910.7, 6358.1, 5963.5, 7053.6, 5586, 2345.4, 5434.6, 6506.4, 11709.2, 5329.4, 11936.8, 7753.7, 7794.4, 3507.8, 10727, 8987, 12641.3, 9204.8, 9107.9, 9946.9, 9494.9, 14522.5, 12008.4, 10904.5, 10090.1, 4512.1, 0, 6731, 4952.5, 11672.7, 3517.3, 8632.4, 7893.8, 8166.2, 15256, 9458.3, 10672.6, 10854.9, 7390.3, 12734.8, 17468.4, 8463.8, 8890.1, 9575.4, 23024.9, 10354.6, 21864.3, 12766.9, 20636.6, 39040.9, 14086.7, 15218.6, 16254.2, 25291, 26068.1], [6922.4, 10052.2, 10183.4, 7879.4, 8755.8, 7099.9, 9190.6, 12310.3, 564.4, 1144.9, 4385.6, 2008.5, 559.9, 5762.7, 11676.3, 5990.3, 14100.6, 1847.9, 9854.6, 4780.5, 3040.5, 6694.8, 3258.3, 3161.4, 4000.4, 3548.4, 8576, 6061.9, 17251.3, 4143.6, 6425.4, 6731, 0, 11299.3, 5726.2, 9864.2, 14979.2, 1947.3, 14513, 9309.5, 3511.8, 4726.1, 4908.4, 8042.3, 15567.3, 11521.9, 14810.7, 15237, 15922.2, 17078.4, 11006.6, 15917.8, 18395, 14690.1, 30149.8, 20433.6, 21565.5, 22601, 16399.9, 21069.9], [10223.2, 8431.4, 8562.7, 11180.2, 10336.1, 5479.1, 10926.5, 8237.3, 11622, 10154.4, 6913.7, 10003, 11074.8, 16277.6, 376.9, 16505.2, 2801.3, 12362.7, 3005.6, 15295.4, 13555.4, 17209.7, 13773.2, 13676.3, 14515.2, 14063.3, 19090.9, 16576.8, 5952, 14658.4, 9080.5, 4952.5, 11299.3, 0, 16241.1, 1435.1, 3679.9, 12462.2, 3213.7, 19824.4, 14026.7, 15241, 15423.2, 9920.5, 17303.2, 22036.8, 7961.7, 8388, 9073.2, 27593.3, 12884.7, 26432.7, 17236, 25204.9, 38538.7, 13584.6, 14716.5, 15752, 24788.9, 21115.6], [11864.2, 14993.9, 15125.2, 12821.1, 13697.5, 12041.6, 14132.4, 17252.1, 3557.8, 6086.7, 9327.3, 6950.2, 5390.2, 36.5, 16618, 562.4, 19042.3, 4530.6, 14796.4, 6117, 5064.4, 4202.7, 5282.1, 5185.3, 6024.2, 5572.3, 5450.2, 8085.7, 22193.1, 6167.4, 11367.2, 11672.7, 5726.2, 16241.1, 0, 14805.9, 19921, 3824.5, 19454.8, 3583.3, 5535.7, 6750, 6932.2, 12984.1, 16642, 8739.6, 19752.4, 20178.7, 20864, 17719.6, 15948.3, 16559, 14062.3, 16102.6, 23637.7, 22782.7, 22560.8, 25749.4, 18423.8, 16977], [8788.1, 6996.3, 7127.5, 9745, 8900.9, 4043.9, 9491.4, 6802.2, 10186.8, 8719.3, 5478.6, 8567.8, 9639.7, 14842.5, 1812.1, 15070.1, 4236.4, 10927.6, 1570.5, 13860.2, 12120.3, 15774.6, 12338, 12241.1, 13080.1, 12628.1, 17655.8, 15141.6, 7387.1, 13223.3, 7645.3, 3517.3, 9864.2, 1435.1, 14805.9, 0, 5115.1, 11027, 4648.8, 18389.2, 12591.5, 13805.9, 13988.1, 8485.3, 15868, 20601.7, 6526.5, 6952.9, 7638.1, 26158.1, 11449.6, 24997.6, 18671.1, 23769.8, 37103.6, 12149.4, 13281.4, 14316.9, 23353.7, 22550.8], [13656.8, 11865, 11996.2, 14613.8, 13769.6, 8912.7, 14360.1, 11670.9, 15055.5, 13588, 10347.3, 13436.6, 14508.4, 19711.2, 3056.6, 19938.8, 729.4, 15796.3, 6439.2, 18729, 16989, 20643.3, 17206.7, 17109.8, 17948.8, 17496.9, 22524.5, 20010.3, 3880.2, 18092, 12514.1, 8386.1, 14732.9, 3433.6, 19674.7, 4868.7, 0, 15895.8, 1543.6, 23258, 17460.2, 18674.6, 18856.8, 13354.1, 17743.8, 29591.8, 11395.3, 11821.6, 12506.8, 31026.8, 16318.3, 29866.3, 15164.2, 28638.5, 41972.3, 17018.1, 18150.1, 19185.6, 28222.4, 19043.8], [8085.3, 11215, 11346.3, 9042.2, 9918.7, 8262.7, 10353.5, 13473.2, 2158.5, 2307.8, 5548.4, 3171.3, 1611.3, 3861, 12839.1, 4088.6, 15263.5, 751.7, 11017.5, 2878.8, 1285.5, 4793.1, 1503.2, 1406.4, 2245.3, 1793.4, 6674.3, 4306.8, 18414.2, 2388.5, 7588.3, 7893.8, 1947.3, 12462.2, 3824.5, 11027, 16142.1, 0, 15675.9, 7407.8, 1756.8, 2971.1, 3153.3, 9205.2, 19073, 9620.2, 15973.5, 16399.8, 17085.1, 15323.3, 12169.4, 14162.8, 16493.3, 12935, 28394.8, 19003.8, 18781.9, 21970.5, 14644.9, 19168.2], [13429.4, 11637.5, 11768.8, 14386.3, 13542.2, 8685.2, 14132.6, 11443.4, 14828.1, 13360.5, 10119.9, 13209.1, 14280.9, 19483.7, 2829.2, 19711.3, 2273, 15568.9, 6211.8, 18501.5, 16761.5, 20415.8, 16979.3, 16882.4, 17721.3, 17269.4, 22297, 19782.9, 5423.7, 17864.5, 12286.6, 8158.6, 14505.4, 3206.1, 19447.2, 4641.3, 1543.6, 15668.3, 0, 23030.5, 17232.8, 18447.1, 18629.3, 13126.6, 19287.4, 31135.3, 11167.8, 11594.1, 12279.3, 30799.4, 16090.8, 29638.8, 16707.7, 28411.1, 41744.8, 16790.7, 17922.6, 18958.2, 27995, 20587.4], [15447.5, 18577.2, 18708.5, 16404.4, 17280.8, 15624.9, 17715.7, 20835.4, 7141.1, 9670, 12910.6, 10533.5, 8973.5, 3546.8, 20201.3, 4145.7, 22625.6, 8113.9, 18379.7, 5662.4, 8647.7, 3748.1, 8865.4, 8768.5, 9715.8, 9155.6, 1866.9, 7654.3, 25776.4, 9750.7, 14950.5, 15256, 9309.5, 19824.4, 3583.3, 18389.2, 23504.3, 7407.8, 23038, 0, 9118.9, 10333.3, 10515.5, 16567.4, 21455.9, 5156.3, 23335.7, 23762, 24447.3, 14136.3, 19531.6, 12975.7, 18876.2, 12519.3, 20054.4, 26366, 26144.1, 29332.7, 29940.8, 13393.7], [9614.8, 12744.5, 12875.8, 10571.7, 11448.2, 9792.2, 11883, 15002.7, 3688, 3837.3, 7078, 4700.8, 3140.8, 5537.2, 14368.6, 5764.8, 16793, 1649, 12547, 5074.9, 757.9, 6989.2, 975.7, 878.8, 1021.5, 1265.8, 8870.4, 3083, 19943.7, 631.8, 9117.8, 9423.3, 3476.8, 13991.7, 5500.7, 12556.6, 17671.6, 1721.8, 17205.4, 9084, 0, 1214.3, 1396.6, 10734.7, 18259.7, 11816.3, 17503, 17929.4, 18614.6, 14099.5, 16874, 12939, 18169.5, 11711.2, 26989.3, 17598.4, 17376.5, 20565.1, 13239.5, 21999.6], [10829.1, 13958.9, 14090.1, 11786.1, 12662.5, 11006.6, 13097.3, 16217, 4902.3, 5051.6, 8292.3, 5915.2, 4355.2, 6751.6, 15583, 6979.2, 18007.3, 2863.3, 13761.3, 6289.2, 1659, 8203.6, 1647.7, 2093.1, 2235.9, 1151.1, 10084.8, 4297.4, 21158, 582.6, 10332.1, 10637.7, 4691.2, 15206, 6715, 13770.9, 18886, 2936.1, 18419.7, 10298.3, 1214.3, 0, 607.4, 11949.1, 19474, 13030.7, 18717.4, 19143.7, 21742.1, 15313.9, 16394.6, 14153.3, 19383.8, 12925.6, 26510, 17119.1, 16897.1, 20085.8, 12760.1, 23213.9], [11011.3, 14141.1, 14272.4, 11968.3, 12844.7, 11188.8, 13279.6, 16399.3, 5084.6, 5233.8, 8474.5, 6097.4, 4537.4, 6933.8, 15765.2, 7161.4, 18189.5, 3045.6, 13943.6, 6471.5, 2179.8, 8385.8, 2168.5, 2390.6, 2418.1, 1671.9, 10267, 4479.6, 21340.3, 764.8, 10514.3, 10819.9, 4873.4, 15388.3, 6897.3, 13953.1, 19068.2, 3118.4, 18601.9, 10480.6, 1396.6, 607.4, 0, 12131.3, 19656.2, 13212.9, 18899.6, 21750.3, 21313.1, 15496.1, 15965.6, 14335.6, 19566, 13107.8, 26080.9, 16690, 16468.1, 19656.7, 12331.1, 23396.1], [7481.2, 11125.5, 11256.8, 8438.1, 9314.6, 8173.2, 9749.4, 10931.5, 8365, 6897.4, 3674.7, 6746, 7817.8, 13020.6, 10297.4, 13248.2, 12721.8, 9105.8, 7451.7, 12038.4, 10298.4, 13952.7, 10516.2, 10419.3, 11258.2, 10806.3, 15833.9, 13319.8, 15872.5, 11401.4, 6338.4, 7646.6, 8042.3, 9920.5, 12984.1, 8485.3, 13600.4, 9205.2, 13134.2, 16567.4, 10769.7, 11984, 12166.3, 0, 16126, 18779.8, 7093.3, 7200.4, 5981.7, 32751.5, 2964.2, 31591, 16158.1, 30363.2, 27012.1, 11274.5, 12406.4, 13442, 13262.2, 31036.1], [8644.9, 6841.6, 6653.9, 7726, 6967.1, 13103.7, 6376.7, 8425.3, 15889.9, 14422.4, 12469.3, 14270.9, 15342.8, 16678.5, 17680.1, 16906.1, 17014.4, 16630.7, 15858.5, 24926.1, 17823.4, 23011.7, 18041.1, 17944.2, 18783.2, 18331.2, 21130.5, 20844.7, 20022.3, 18926.4, 9865.4, 12734.8, 15567.3, 17303.2, 16642, 15868, 17750.2, 19073, 19293.8, 21395.1, 18294.6, 19509, 19691.2, 16126, 0, 18898, 20814.5, 21240.8, 21926, 27878, 19090.3, 26717.5, 2579.7, 26261, 33796.1, 26437.4, 27569.3, 28604.9, 37641.7, 12449], [17659.9, 20789.6, 25901.2, 18616.8, 23317.5, 17837.3, 22727.1, 24563.1, 12330.9, 11882.4, 15123.1, 12745.9, 11185.9, 8736.6, 22413.7, 9335.6, 28886.2, 12932.4, 20592.1, 6741.4, 12041.3, 4827.1, 12259, 12162.1, 10794.8, 12549.2, 4925.3, 8733.3, 31894, 12448.1, 17162.9, 17468.4, 11521.9, 22036.8, 8773.1, 20601.7, 29622, 9620.2, 31165.5, 5189.8, 11816.3, 13030.7, 13212.9, 18779.8, 18898, 0, 25548.1, 42299.4, 41862.2, 10252.2, 36514.7, 9091.6, 16318.3, 8635.2, 16170.2, 37239.1, 37017.1, 40205.8, 26056.7, 10835.9], [13734.6, 11942.7, 12074, 14691.5, 13847.4, 8990.4, 14437.8, 11748.7, 15133.3, 13665.8, 10425.1, 13514.3, 14586.1, 19788.9, 8338.6, 20016.5, 10762.9, 15874.1, 4956, 18806.7, 17066.7, 20721, 17284.5, 17187.6, 18026.6, 17574.6, 22602.3, 20088.1, 13913.7, 18169.8, 12591.8, 8463.8, 14810.7, 7961.7, 19752.4, 6526.5, 11641.6, 15973.5, 11175.3, 23335.7, 17538, 18752.3, 21702.5, 7093.3, 20814.5, 25548.1, 0, 426.3, 1111.6, 36316.5, 10057.5, 35155.9, 20846.6, 33928.2, 30577.1, 5622.9, 6754.8, 7790.4, 16827.2, 29077.3], [14160.9, 12369, 12500.3, 15117.8, 14273.7, 9416.7, 14864.2, 12175, 15559.6, 14092.1, 10851.4, 13940.6, 15012.5, 20215.3, 8764.9, 20442.9, 11189.3, 16300.4, 5382.3, 19233, 17493.1, 21147.4, 17710.8, 17613.9, 18452.9, 18000.9, 23028.6, 20514.4, 14340, 18596.1, 13018.1, 8890.1, 15237, 8388, 20178.7, 6952.9, 12067.9, 16399.8, 11601.7, 23762, 17964.3, 19178.7, 21812.7, 7203.4, 21240.8, 25974.4, 426.3, 0, 1221.7, 36426.6, 10167.7, 35266.1, 21272.9, 34038.3, 30687.2, 5733, 6865, 7900.5, 16937.3, 29503.6], [14846.1, 13054.3, 13185.5, 15803.1, 14958.9, 10102, 15549.4, 12860.2, 16244.9, 14777.3, 11536.6, 14625.9, 15697.7, 20900.5, 9450.2, 21128.1, 11874.5, 16985.6, 6067.6, 19918.3, 18178.3, 21832.6, 18396, 18299.2, 19138.1, 18686.2, 23713.8, 21199.6, 15025.2, 19281.3, 13703.4, 9575.4, 15922.2, 9073.2, 20864, 7638.1, 12753.1, 17085.1, 12286.9, 24447.3, 18649.6, 21860.2, 21372.4, 5981.7, 21926, 41979.2, 1111.6, 1218.6, 0, 35986.3, 8946, 34825.8, 21958.1, 33598, 30246.9, 5292.8, 6424.7, 7460.2, 16497, 30188.9], [23181.4, 26311.1, 26442.4, 24138.3, 25014.8, 23358.8, 31707.1, 33543, 17254.6, 17403.9, 20644.6, 18267.4, 16707.4, 17716.6, 27935.2, 18315.6, 30359.6, 15215.6, 41155.5, 17700.8, 14324.5, 15786.5, 14542.2, 14445.4, 13078, 14832.4, 13905.2, 11755, 40874, 14731.3, 22684.4, 22989.9, 17043.4, 27558.3, 17753.1, 26123.1, 38601.9, 15288.4, 30772, 14169.8, 14099.5, 15313.9, 15496.1, 32711.5, 27878, 10252.2, 36199.5, 36306.5, 35869.3, 0, 30521.8, 1248.2, 25298.3, 2642.3, 10139.1, 31246.2, 31024.3, 34213, 20063.9, 19815.9], [10445.4, 14089.8, 14221, 11402.4, 12278.8, 11137.5, 12713.6, 13895.7, 11329.2, 9861.7, 6638.9, 9710.2, 10782.1, 15984.9, 13261.7, 16212.5, 15686, 12070, 10415.9, 21931.2, 17048.1, 23845.6, 17036.9, 17259, 17877.8, 16540.3, 25726.8, 19939.4, 18836.7, 16224.6, 9302.6, 10610.9, 11006.6, 12884.7, 15948.3, 11449.6, 16564.6, 12169.4, 16098.4, 19531.6, 16856.3, 16435.7, 15947.9, 2964.2, 19090.3, 36554.7, 10057.5, 10164.6, 8946, 30561.9, 0, 29401.3, 19122.3, 28173.6, 24822.4, 11950.8, 11728.9, 11746.9, 11072.6, 46118.4], [22020.8, 25150.6, 25281.8, 22977.8, 23854.2, 22198.3, 30546.5, 32382.5, 16094, 16243.3, 19484, 17106.9, 15546.9, 16556, 26774.7, 17155, 29199, 14055, 39994.9, 16540.2, 13164, 14625.9, 13381.7, 13284.8, 11917.5, 13671.8, 12744.7, 10594.5, 39713.5, 13570.8, 21523.8, 21829.4, 15882.9, 26397.7, 16592.6, 24962.6, 37441.4, 14127.8, 29611.4, 13009.3, 12939, 14153.3, 14335.6, 31550.9, 26717.5, 9091.6, 35038.9, 35146, 34708.8, 1248.2, 29361.3, 0, 24137.8, 1481.8, 8978.5, 30085.7, 29863.7, 33052.4, 18903.3, 18655.3], [8676.9, 9770.6, 9582.9, 7758.1, 6999.2, 13135.8, 6408.7, 9013, 16226.6, 14454.4, 12501.3, 14303, 18059, 14098.8, 16859, 14326.5, 14434.7, 17199.4, 15890.5, 22346.4, 17733.2, 20432, 17950.9, 17854, 18693, 18241.1, 18550.8, 20754.5, 17442.6, 18836.2, 9897.5, 12766.9, 18395, 17236, 14062.3, 18671.1, 15170.5, 16493.3, 16714.1, 18815.4, 18204.4