{"schools": [{"school_id": "50102295", "school_name": "SD NEGERI 4 NYALIAN", "demand": 114, "latitude": -8.4966742, "longitude": 115.3619044, "lunch_time": 570, "cluster": 1}, {"school_id": "50102314", "school_name": "SD NEGERI 3 NYALIAN", "demand": 66, "latitude": -8.499621000000001, "longitude": 115.3601401, "lunch_time": 570, "cluster": 1}, {"school_id": "50102360", "school_name": "SMP NEGERI 3 BANJARANGKAN", "demand": 388, "latitude": -8.5038377, "longitude": 115.3673942, "lunch_time": 720, "cluster": 1}, {"school_id": "50102364", "school_name": "SMP NEGERI 2 BANJARANGKAN", "demand": 383, "latitude": -8.52141, "longitude": 115.37994, "lunch_time": 720, "cluster": 1}, {"school_id": "50102394", "school_name": "SD NEGERI 1 NYALIAN", "demand": 130, "latitude": -8.4998468, "longitude": 115.3698246, "lunch_time": 570, "cluster": 1}, {"school_id": "50102412", "school_name": "SD NEGERI 1 BAKAS", "demand": 94, "latitude": -8.5201875, "longitude": 115.365219, "lunch_time": 570, "cluster": 1}, {"school_id": "50102414", "school_name": "SD NEGERI 1 AAN", "demand": 57, "latitude": -8.5011113, "longitude": 115.3761877, "lunch_time": 570, "cluster": 1}, {"school_id": "50102425", "school_name": "SD NEGERI 1 GETAKAN", "demand": 63, "latitude": -8.517765299999999, "longitude": 115.3754603, "lunch_time": 570, "cluster": 1}, {"school_id": "50102432", "school_name": "SD NEGERI 3 GETAKAN", "demand": 46, "latitude": -8.50574, "longitude": 115.37332, "lunch_time": 570, "cluster": 1}, {"school_id": "50102451", "school_name": "SD NEGERI 2 TIHINGAN", "demand": 56, "latitude": -8.5233659, "longitude": 115.3811264, "lunch_time": 570, "cluster": 1}, {"school_id": "50102462", "school_name": "SD NEGERI 2 BAKAS", "demand": 56, "latitude": -8.5214866, "longitude": 115.3592459, "lunch_time": 570, "cluster": 1}, {"school_id": "50102464", "school_name": "SD NEGERI 2 AAN", "demand": 89, "latitude": -8.511040399999999, "longitude": 115.3803198, "lunch_time": 570, "cluster": 1}, {"school_id": "50102469", "school_name": "SD NEGERI 2 NYALIAN", "demand": 86, "latitude": -8.4979745, "longitude": 115.3678715, "lunch_time": 570, "cluster": 1}, {"school_id": "50102477", "school_name": "SD NEGERI 2 GETAKAN", "demand": 66, "latitude": -8.527431, "longitude": 115.3782958, "lunch_time": 570, "cluster": 1}, {"school_id": "50102504", "school_name": "SD NEGERI 4 TAMANBALI", "demand": 85, "latitude": -8.4996987, "longitude": 115.3531742, "lunch_time": 570, "cluster": 1}, {"school_id": "50102551", "school_name": "SMP NEGERI 3 BANGLI", "demand": 684, "latitude": -8.494986899999999, "longitude": 115.3488746, "lunch_time": 720, "cluster": 1}, {"school_id": "50102569", "school_name": "SMKN 3 BANGLI", "demand": 143, "latitude": -8.500845, "longitude": 115.3494315, "lunch_time": 720, "cluster": 1}, {"school_id": "50102590", "school_name": "SD NEGERI 1 TAMANBALI", "demand": 150, "latitude": -8.5000916, "longitude": 115.3493389, "lunch_time": 570, "cluster": 1}, {"school_id": "50102603", "school_name": "SD NEGERI 2 BUNUTIN", "demand": 85, "latitude": -8.5178645, "longitude": 115.3458244, "lunch_time": 570, "cluster": 1}, {"school_id": "50102617", "school_name": "SD NEGERI 1 BUNUTIN", "demand": 74, "latitude": -8.504739299999999, "longitude": 115.3464479, "lunch_time": 570, "cluster": 1}, {"school_id": "50102637", "school_name": "SD NEGERI 3 TAMANBALI", "demand": 68, "latitude": -8.489925699999999, "longitude": 115.3495326, "lunch_time": 570, "cluster": 1}, {"school_id": "50102659", "school_name": "SD NEGERI 2 TAMANBALI", "demand": 124, "latitude": -8.5049441, "longitude": 115.3499108, "lunch_time": 570, "cluster": 1}, {"school_id": "50102673", "school_name": "SD NEGERI 3 DEMULIH", "demand": 73, "latitude": -8.5048313, "longitude": 115.3381836, "lunch_time": 570, "cluster": 1}, {"school_id": "50102676", "school_name": "SD NEGERI 3 BUNUTIN", "demand": 89, "latitude": -8.505997899999999, "longitude": 115.3446879, "lunch_time": 570, "cluster": 1}, {"school_id": "50105005", "school_name": "TK NEGERI ASTHA YOGA", "demand": 16, "latitude": -8.5014471, "longitude": 115.3489927, "lunch_time": 480, "cluster": 1}, {"school_id": "50105037", "school_name": "TK NEGERI GULIANG KAWAN", "demand": 83, "latitude": -8.5180628, "longitude": 115.3462651, "lunch_time": 480, "cluster": 1}, {"school_id": "69814402", "school_name": "TK NEGERI DESA BAKAS", "demand": 37, "latitude": -8.521331499999999, "longitude": 115.368006, "lunch_time": 480, "cluster": 1}, {"school_id": "69814407", "school_name": "TK NEGERI DESA GETAKAN", "demand": 50, "latitude": -8.5055067, "longitude": 115.3734956, "lunch_time": 480, "cluster": 1}, {"school_id": "69814418", "school_name": "TK NEGERI DESA AAN", "demand": 34, "latitude": -8.5092207, "longitude": 115.3804728, "lunch_time": 480, "cluster": 1}, {"school_id": "69814437", "school_name": "TK NEGERI DESA NYALIAN", "demand": 60, "latitude": -8.4977046, "longitude": 115.3635476, "lunch_time": 480, "cluster": 1}], "kitchens": [{"kitchen_name": "Jajan bali Bolu Begina", "latitude": -8.4983115, "longitude": 115.3639226, "type": "buffet_restaurant"}, {"kitchen_name": "DE DAPOER", "latitude": -8.478743999999999, "longitude": 115.3710558, "type": "catering_service"}, {"kitchen_name": "SPPG Klungkung Klungkung Semarapura Tengah", "latitude": -8.498361899999999, "longitude": 115.3997958, "type": "sppg"}, {"kitchen_name": "Rumah Makan Muslim Alifia", "latitude": -8.4669855, "longitude": 115.3509091, "type": "buffet_restaurant"}, {"kitchen_name": "Catering Cempaka Putih", "latitude": -8.492277399999999, "longitude": 115.402533, "type": "buffet_restaurant"}, {"kitchen_name": "Wija Kitchen", "latitude": -8.5333044, "longitude": 115.3252881, "type": "buffet_restaurant"}, {"kitchen_name": "WR.ASTUNGKARA", "latitude": -8.493199299999999, "longitude": 115.4053159, "type": "catering_service"}, {"kitchen_name": "SPPG Bangli Bangli Kawan", "latitude": -8.4632769, "longitude": 115.3495195, "type": "sppg"}, {"kitchen_name": "SPPG Bangli Bangli Kawan 2", "latitude": -8.456176700402485, "longitude": 115.35312178911656, "type": "sppg"}, {"kitchen_name": "Kitchen 224 Klungkung", "latitude": -8.5395814, "longitude": 115.4053809, "type": "catering_service"}], "suppliers": [{"supplier_name": "Wr. Ajik kompor", "latitude": -8.499828899999999, "longitude": 115.3690001, "type": "market"}, {"supplier_name": "Ayam Potong Pondok Damar", "latitude": -8.4962226, "longitude": 115.3695858, "type": "butcher"}, {"supplier_name": "Desa Wisata Guliang Kangin", "latitude": -8.5198074, "longitude": 115.3546051, "type": "butcher"}, {"supplier_name": "Pasar Taman Bali", "latitude": -8.5014035, "longitude": 115.348728, "type": "market"}, {"supplier_name": "Warung Iga Bakar Pan Abi", "latitude": -8.494309699999999, "longitude": 115.3478416, "type": "butcher"}, {"supplier_name": "RUMAH POTONG AYAM BUK REN", "latitude": -8.4737017, "longitude": 115.3517243, "type": "market"}, {"supplier_name": "Ayam panggang angkling", "latitude": -8.5132582, "longitude": 115.3262647, "type": "butcher"}, {"supplier_name": "PANDAN HARUM BANGLI", "latitude": -8.4729841, "longitude": 115.3506511, "type": "market"}, {"supplier_name": "GULING KRAMA", "latitude": -8.4718812, "longitude": 115.3513016, "type": "butcher"}, {"supplier_name": "Babi Guling Jingga Konol", "latitude": -8.492060700000001, "longitude": 115.39631819999998, "type": "butcher"}], "first_echelon_matrix": [[0, 436.8, 9356.3, 11568.8, 12420.9, 14771.5, 13039, 14937.1, 15009.9, 9602.7, 591.7, 2781.4, 8763.1, 15714.1, 9874.7, 10838.8, 9981.8, 16201.9, 16622.5, 11717], [436.8, 0, 9716, 11928.6, 12780.6, 15131.3, 13398.8, 15296.8, 15369.6, 9183, 900.5, 2361.7, 8343.4, 16073.8, 9455, 11198.5, 9562.1, 16561.6, 16982.2, 12076.8], [9356.3, 9716, 0, 2212.6, 3064.7, 5415.3, 9030.9, 5580.8, 5653.6, 15971.2, 9590.1, 11779.7, 14937.6, 6357.8, 15267.7, 6830.6, 15374.8, 6845.6, 7266.2, 10314.5], [11568.8, 11928.6, 2212.6, 0, 852.1, 3202.7, 10368.4, 3368.2, 3441, 18183.8, 11802.7, 13992.3, 17150.2, 4145.2, 17480.3, 8168.1, 17587.4, 4633, 5053.7, 12527.1], [12420.9, 12780.6, 3064.7, 852.1, 0, 2604.1, 11220.5, 2769.6, 2842.4, 19035.9, 12654.7, 14844.4, 18002.2, 3546.6, 18332.4, 9020.2, 18439.4, 4034.4, 4455.1, 13379.1], [14771.5, 15131.3, 5415.3, 3202.7, 2604.1, 0, 13571.1, 219.1, 290.3, 21386.5, 15005.3, 12535.3, 20352.8, 1134.2, 20683, 11370.8, 20790.1, 1622, 2042.6, 15729.8], [13039, 13398.8, 9030.9, 10368.4, 11220.5, 13571.1, 0, 13736.7, 13809.4, 19654, 13272.9, 15462.5, 18620.4, 14513.7, 18950.5, 3141.3, 19057.6, 15001.5, 11180.8, 13997.3], [14937.1, 15296.8, 5580.8, 3368.2, 2769.6, 219.1, 13736.7, 0, 247.9, 21552, 15170.9, 12700.9, 20518.4, 928.6, 20848.5, 11536.4, 20955.6, 1406.4, 2208.2, 15895.3], [15009.9, 15369.6, 5653.6, 3441, 2842.4, 276.4, 13809.4, 247.9, 0, 21624.8, 15243.7, 12427.1, 20591.2, 632.7, 20921.3, 11609.2, 21028.4, 1513.8, 1934.4, 15968.1], [9602.7, 9143.9, 16048.2, 18260.8, 19112.8, 21463.5, 19731, 21629, 21701.8, 0, 9785.5, 6821.3, 1109.7, 22406, 876.3, 17530.7, 1129.8, 19628.7, 18414.3, 6326.4], [591.7, 900.5, 9590.1, 11802.7, 12654.7, 15005.3, 13272.9, 15170.9, 15243.7, 9785.5, 0, 2964.2, 8946, 15947.9, 10057.5, 11072.6, 10164.6, 16435.7, 16856.3, 11950.8], [2781.4, 2322.6, 11779.7, 13992.3, 14844.4, 12478.7, 15462.5, 12644.2, 12370.4, 6821.3, 2964.2, 0, 5981.7, 12166.3, 7093.3, 13262.2, 7200.4, 11984, 10769.7, 11274.5], [8763.1, 8304.3, 15014.5, 17227.1, 18079.2, 20429.8, 18697.3, 20595.4, 20668.2, 1109.7, 8946, 5981.7, 0, 21372.4, 1111.6, 16497, 1218.6, 21860.2, 18649.6, 5292.8], [15731.8, 16091.5, 6375.5, 4162.9, 3564.3, 1151.9, 14531.3, 928.6, 622.5, 19775.9, 15965.6, 12131.3, 21313.1, 0, 18899.6, 12331.1, 21750.3, 607.4, 1396.6, 16690], [9874.7, 9415.9, 15344.7, 17557.3, 18409.3, 20759.9, 19027.5, 20925.5, 20998.3, 876.3, 10057.5, 7093.3, 1111.6, 21702.5, 0, 16827.2, 426.3, 18752.3, 17538, 5622.9], [10920.4, 11280.1, 6912.2, 8249.7, 9101.8, 11452.4, 3141.3, 11618, 11690.8, 17535.3, 11154.2, 13343.8, 16501.7, 12395, 16831.8, 0, 16938.9, 12882.8, 13303.4, 11878.6], [9984.8, 9526, 15454.8, 17667.4, 18519.5, 20870.1, 19137.6, 21035.6, 21108.4, 1129.8, 10167.7, 7203.4, 1221.7, 21812.7, 426.3, 16937.3, 0, 19178.7, 17964.3, 5733], [16160.8, 16520.5, 6804.6, 4592, 3993.4, 1581, 14960.4, 1746.5, 1472.7, 19593.7, 16394.6, 11949.1, 21742.1, 607.4, 18717.4, 12760.1, 19143.7, 0, 1214.3, 17119.1], [16640.2, 16999.9, 7283.9, 5071.3, 4472.7, 2060.3, 11180.8, 2225.9, 1952.1, 18379.4, 16874, 10734.7, 18614.6, 1396.6, 17503, 13239.5, 17929.4, 1214.3, 0, 17598.4], [11819.1, 12178.8, 10416.6, 12629.2, 13481.2, 15831.8, 14099.3, 15997.4, 16070.2, 6350.7, 12052.9, 11298.8, 5317.1, 16774.4, 5647.2, 11899.1, 5754.3, 17262.2, 17682.8, 0]], "second_echelon_matrix": [[0, 2964.2, 8946, 15947.9, 10057.5, 11072.6, 10164.6, 16435.7, 16856.3, 11950.8, 435.3, 576.3, 994, 5322.6, 670.8, 2824.1, 6890.3, 4380.4, 6025.1, 5596.7, 3343.8, 5727.7, 524.1, 5719.4, 12529.2, 12527.2, 11917.2, 12056.4, 10797.2, 12264.2, 13104.7, 11385.6, 13793.4, 12202.8, 11789.1, 10778.7, 3258.2, 6050.8, 5944.1, 129], [2964.2, 0, 5981.7, 12166.3, 7093.3, 13262.2, 7200.4, 11984, 10769.7, 11274.5, 3220.7, 3475.2, 3183.6, 7165.5, 2860.5, 5013.8, 4720.1, 6570.1, 5128, 7439.7, 5801.5, 5959.5, 2440.2, 7909.1, 14718.9, 14716.9, 14106.9, 14246.1, 12986.9, 14453.9, 15294.4, 13575.3, 15983, 14392.5, 13978.7, 12968.4, 5447.9, 5102.2, 5762.3, 2945.1], [8946, 5981.7, 0, 21372.4, 1111.6, 16497, 1218.6, 21860.2, 18649.6, 5292.8, 9202.4, 9456.9, 9165.4, 8247.7, 8842.3, 13826.8, 5906.7, 9119.9, 6331.2, 8009.8, 14294.3, 4651.3, 8421.9, 7935.9, 17953.7, 17951.7, 17341.7, 17480.9, 16221.7, 17688.7, 18529.2, 16810.1, 19217.8, 17627.3, 17213.5, 16203.2, 10653.1, 6305.4, 4625.8, 8926.9], [15965.6, 12131.3, 21313.1, 0, 18899.6, 12331.1, 21750.3, 607.4, 1396.6, 16690, 16450.2, 16354, 15052.1, 14988.9, 15810.9, 13141.5, 17434.6, 14924.8, 16569.4, 14751.1, 13609, 16181.7, 15715.1, 14677.2, 4812.7, 3465.5, 4200.7, 4136.3, 6320.4, 4853.4, 2891.6, 4579.9, 8392.8, 5178.3, 4176.5, 6411.3, 13325.3, 16595.2, 16398.1, 16174.7], [10057.5, 7093.3, 1111.6, 21702.5, 0, 16827.2, 426.3, 18752.3, 17538, 5622.9, 10314, 10568.5, 12850.7, 8577.8, 9953.8, 14156.9, 7018.2, 9450, 7442.7, 8340, 14624.5, 5762.8, 9533.5, 8266.1, 18283.8, 18281.8, 17671.8, 17811, 16551.8, 18018.8, 18859.3, 17140.3, 19548, 17957.5, 17543.7, 16533.3, 10983.3, 7417, 5737.4, 10038.4], [11154.2, 13343.8, 16501.7, 12395, 16831.8, 0, 16938.9, 12882.8, 13303.4, 11878.6, 11638.8, 11542.6, 10240.7, 10177.5, 10999.5, 8330, 12623.2, 10113.4, 11758, 9939.7, 8797.6, 11370.3, 10903.7, 9865.8, 8976.3, 8974.3, 8364.3, 8503.5, 6092.3, 7559.3, 9551.8, 8178.4, 5306, 7498, 8236.1, 6073.8, 8513.9, 11783.8, 11586.7, 11363.3], [10167.7, 7203.4, 1221.7, 21812.7, 426.3, 16937.3, 0, 19178.7, 17964.3, 5733, 10424.1, 10678.6, 12960.9, 8688, 10064, 14267.1, 7128.4, 9560.2, 7552.9, 8450.1, 14734.6, 5873, 9643.6, 8376.2, 18394, 18392, 17782, 17921.2, 16661.9, 18128.9, 18969.4, 17250.4, 19658.1, 18067.6, 17653.8, 16643.5, 11093.4, 7527.1, 5847.5, 10148.6], [16394.6, 11949.1, 21742.1, 607.4, 18717.4, 12760.1, 19143.7, 0, 1214.3, 17119.1, 16879.3, 16783.1, 15481.1, 15418, 16239.9, 13570.5, 17863.7, 15353.8, 16998.5, 15180.1, 14038.1, 16610.8, 16144.1, 15106.2, 5241.7, 3894.5, 4629.7, 4565.3, 6749.4, 5282.4, 3320.6, 5009, 8821.8, 5607.3, 4605.6, 6840.3, 13754.4, 17024.2, 16827.2, 16603.7], [16874, 10734.7, 18614.6, 1396.6, 17503, 13239.5, 17929.4, 1214.3, 0, 17598.4, 17358.6, 17262.4, 15960.5, 15897.3, 16719.3, 14049.9, 17408.8, 15833.2, 17477.8, 15659.5, 14517.4, 17090.1, 16623.5, 15585.6, 5721.1, 4373.9, 5109.1, 5044.7, 7228.8, 5761.8, 3800, 5488.3, 8843.4, 6086.7, 5084.9, 7319.7, 14233.8, 17503.6, 17306.5, 17083.1], [12052.9, 11298.8, 5317.1, 16774.4, 5647.2, 11899.1, 5754.3, 17262.2, 17682.8, 0, 12537.5, 12441.3, 11139.4, 4380.6, 11898.2, 9228.8, 7034, 5252.8, 6897.4, 4142.7, 9696.4, 5573.4, 11802.4, 4068.8, 13355.7, 13353.7, 12743.7, 12882.9, 11623.7, 13090.7, 13931.2, 12212.1, 14619.9, 13029.3, 12615.6, 11605.2, 6786, 6923.2, 5789.8, 12262], [435.3, 3220.7, 9202.4, 16432.5, 10314, 11557.2, 10421.1, 16920.3, 17340.9, 12435.5, 0, 594.9, 1478.6, 5807.2, 1155.5, 3308.8, 7374.9, 4865, 6509.7, 6081.3, 3362.4, 6212.3, 780.5, 6204, 13013.8, 13011.9, 12401.9, 12541.1, 11281.8, 12748.8, 13589.3, 11870.3, 14278, 12687.5, 12273.7, 11263.4, 3742.8, 6535.5, 6428.7, 306.3], [689.8, 3475.2, 9456.9, 16336.3, 10568.5, 11461, 10675.6, 16824.1, 17244.7, 12339.3, 594.9, 0, 1733.1, 6061.7, 1410, 3563.3, 7629.4, 5119.6, 6764.2, 6335.9, 2793.2, 6466.8, 1035, 6458.6, 12917.6, 12915.7, 12305.7, 12444.9, 11185.6, 12652.6, 13493.1, 11774.1, 14181.8, 12591.3, 12177.5, 11167.2, 3716.6, 6790, 6683.2, 560.8], [994, 3183.6, 9165.4, 15034.4, 10276.9, 10159.1, 10384, 15522.2, 15942.8, 11037.3, 1478.6, 1733.1, 0, 4409.1, 603.5, 1910.6, 5976.8, 3466.9, 5111.5, 4683.2, 2698.3, 4814.2, 743.5, 4805.9, 11615.7, 11613.7, 11003.7, 11142.9, 9883.7, 11350.7, 12191.2, 10472.1, 12879.8, 11289.3, 10875.5, 9865.2, 2344.7, 5137.3, 5030.6, 1203], [5322.6, 7165.5, 8216.8, 16644.9, 8547, 11769.5, 8654, 17132.7, 17553.3, 4393, 5807.2, 6061.7, 4409.1, 0, 5167.9, 2828.6, 2666.7, 1008.3, 2653, 287.4, 3513.1, 1206, 5072.1, 1318.9, 13226.2, 13224.2, 12614.2, 12753.4, 11494.1, 12961.1, 13801.6, 12082.6, 14490.3, 12899.8, 12486, 11475.7, 2541.6, 2678.8, 1422.4, 5531.6], [670.8, 2860.5, 8842.3, 15793.2, 9953.8, 10917.9, 10060.9, 16281, 16701.6, 11796.1, 1155.5, 1410, 603.5, 5167.9, 0, 2669.4, 6735.6, 4225.7, 5870.4, 5442, 3457.1, 5573, 420.3, 5564.7, 12374.5, 12372.5, 11762.5, 11901.7, 10642.5, 12109.5, 12950, 11230.9, 13638.7, 12048.1, 11634.4, 10624, 3103.5, 5896.1, 5789.4, 879.9], [2824.1, 5013.8, 13749.8, 13123.8, 14079.9, 8248.4, 14187, 13611.6, 14032.2, 9126.7, 3308.8, 3532.7, 1910.6, 2828.6, 2669.4, 0, 4396.3, 1886.4, 3531.1, 3102.7, 787.7, 3233.7, 2573.6, 3225.4, 9705.1, 9703.1, 9093.1, 9232.3, 7973.1, 9440.1, 10280.6, 8561.5, 10969.2, 9378.7, 8964.9, 7954.6, 504, 3556.8, 3450.1, 3033.2], [6890.3, 4720.1, 6961, 17417, 8072.6, 12541.6, 8179.7, 17904.8, 17700.1, 6930.1, 7374.9, 7629.4, 5976.8, 2550.3, 6735.6, 4396.3, 0, 2509.9, 865.2, 2824.5, 5080.9, 1344.3, 6639.8, 3915.1, 13998.3, 13996.3, 13386.3, 13525.5, 12266.2, 13733.3, 14573.7, 12854.7, 15262.4, 13671.9, 13258.1, 12247.8, 4109.3, 839.5, 1147, 7099.4], [4380.4, 6570.1, 9089, 14907.1, 9419.2, 10031.8, 9526.2, 15394.9, 15815.5, 5265.2, 4865, 5119.6, 3466.9, 1008.3, 4225.7, 1886.4, 2509.9, 0, 1644.6, 1282.5, 2571, 1413.5, 4129.9, 1405.2, 11488.4, 11486.4, 10876.4, 11015.6, 9756.4, 11223.4, 12063.9, 10344.8, 12752.5, 11162, 10748.2, 9737.9, 1599.4, 1670.4, 1629.9, 4589.5], [6025.1, 5128, 6331.2, 16551.7, 7442.7, 11676.4, 7549.8, 17039.5, 17460.1, 6909.8, 6509.7, 6764.2, 5111.5, 2653, 5870.4, 3531.1, 865.2, 1644.6, 0, 2927.1, 4215.6, 1885.2, 5774.6, 3049.8, 13133, 13131, 12521, 12660.2, 11401, 12868, 13708.5, 11989.5, 14397.2, 12806.7, 12392.9, 11382.5, 3244.1, 25.8, 1687.9, 6234.1], [5596.7, 7439.7, 7979, 16407, 8309.1, 11531.7, 8416.2, 16894.8, 17315.4, 4155.1, 6081.3, 6335.9, 4683.2, 287.4, 5442, 3102.7, 2940.8, 1282.5, 2927.1, 0, 3787.3, 1480.2, 5346.2, 1081.1, 12988.3, 12986.3, 12376.3, 12515.5, 11256.3, 12723.3, 13563.8, 11844.7, 14252.5, 12662, 12248.2, 11237.8, 2815.7, 2952.9, 1696.6, 5805.8], [3457.3, 5801.5, 14217.4, 13591.3, 14547.5, 8716, 14654.6, 14079.1, 14499.7, 9594.3, 3362.4, 2793.2, 2698.3, 3513.1, 3457.1, 787.7, 5080.9, 2571, 4215.6, 3787.3, 0, 3918.3, 3361.3, 3910, 10172.6, 10170.7, 9560.7, 9699.9, 8440.6, 9907.6, 10748.1, 9029.1, 11436.8, 9846.3, 9432.5, 8422.2, 971.6, 4241.4, 4134.7, 3328.3], [5727.7, 5959.5, 4651.3, 17837.7, 5762.8, 12962.3, 5869.9, 18325.5, 18746.1, 5585.8, 6212.3, 6466.8, 4814.2, 1206, 5573, 3233.7, 1460.6, 1413.5, 1885.2, 1480.2, 3918.3, 0, 5477.2, 2511.7, 14419, 14417, 13807, 13946.2, 12686.9, 14154, 14994.4, 13275.4, 15683.1, 14092.6, 13678.8, 12668.5, 2946.7, 1859.4, 216.4, 5936.8], [524.1, 2440.2, 8421.9, 15697.4, 9533.5, 10822.1, 9640.5, 16185.2, 16605.8, 11700.3, 780.5, 1035, 743.5, 5072.1, 420.3, 2573.6, 6639.8, 4129.9, 5774.6, 5346.2, 3361.3, 5477.2, 0, 5468.9, 12278.7, 12276.7, 11666.7, 11805.9, 10546.7, 12013.7, 12854.2, 11135.1, 13542.9, 11952.3, 11538.6, 10528.2, 3007.7, 5800.3, 5693.6, 505], [5719.4, 7909.1, 7905.1, 16333.1, 8235.2, 11457.8, 8342.3, 16820.9, 17241.5, 4081.3, 6204, 6458.6, 4805.9, 1318.9, 5564.7, 3225.4, 3915.1, 1405.2, 3049.8, 1081.1, 3910, 2511.8, 5468.9, 0, 12914.4, 12912.4, 12302.4, 12441.6, 11182.4, 12649.4, 13489.9, 11770.9, 14178.6, 12588.1, 12174.3, 11163.9, 2938.4, 3075.6, 2728.2, 5928.5], [12529.2, 14718.9, 17876.7, 4795, 18206.8, 8894.7, 18313.9, 5282.8, 5703.4, 13253.6, 13013.8, 12917.6, 11615.7, 11552.6, 12374.5, 9705.1, 13998.3, 11488.4, 13133, 11314.7, 10172.6, 12745.4, 12278.7, 11240.8, 0, 1374.3, 612, 668.3, 2884, 1417, 1951.8, 1143.6, 4956.4, 1741.9, 740.2, 2974.9, 9889, 13158.8, 12961.8, 12738.3], [12527.2, 14716.9, 17874.7, 3447.8, 18204.9, 8892.7, 18311.9, 3935.6, 4356.2, 13251.6, 13011.9, 12915.7, 11613.7, 11550.6, 12372.5, 9703.1, 13996.3, 11486.4, 13131, 11312.7, 10170.7, 12743.4, 12276.7, 11238.8, 1374.3, 0, 762.3, 697.9, 2882, 1415, 604.6, 1141.6, 4954.4, 1739.9, 738.2, 2972.9, 9887, 13156.8, 12959.8, 12736.3], [11917.2, 14106.9, 17264.7, 4183, 17594.9, 8282.7, 17701.9, 4670.8, 5091.4, 12641.6, 12401.9, 12305.7, 11003.7, 10940.6, 11762.5, 9093.1, 13386.3, 10876.4, 12521, 10702.7, 9560.7, 12133.4, 11666.7, 10628.8, 612, 762.3, 0, 139.2, 2272, 805, 1339.8, 531.6, 4344.4, 1129.9, 128.2, 2362.9, 9277, 12546.8, 12349.8, 12126.3], [12056.4, 14246.1, 17403.9, 4118.6, 17734.1, 8421.9, 17841.1, 4606.4, 5027, 12780.8, 12541.1, 12444.9, 11142.9, 11079.8, 11901.7, 9232.3, 13525.5, 11015.6, 12660.2, 10841.9, 9699.9, 12272.6, 11805.9, 10768, 668.3, 697.9, 139.2, 0, 2411.2, 944.2, 1275.4, 670.8, 4483.6, 1269.1, 267.4, 2502.1, 9416.2, 12686, 12489, 12265.5], [10797.2, 12986.9, 16144.7, 6302.7, 16474.8, 6010.7, 16581.9, 6790.5, 7211.1, 11521.6, 11281.8, 11185.6, 9883.7, 9820.5, 10642.5, 7973.1, 12266.2, 9756.4, 11401, 9582.7, 8440.6, 11013.3, 10546.7, 9508.8, 2884, 2882, 2272, 2411.2, 0, 1467, 3459.5, 2086.1, 4236.9, 1405.7, 2143.9, 90.9, 8156.9, 11426.8, 11229.7, 11006.3], [12264.2, 14453.9, 17611.7, 4835.7, 17941.8, 7477.7, 18048.9, 5323.5, 5744.1, 12988.6, 12748.8, 12652.6, 11350.7, 11287.5, 12109.5, 9440.1, 13733.3, 11223.4, 12868, 11049.7, 9907.6, 12480.3, 12013.7, 10975.8, 1417, 1415, 805, 944.2, 1467, 0, 1992.5, 619.1, 3539.4, 324.9, 676.8, 1557.9, 9624, 12893.8, 12696.8, 12473.3], [13104.7, 15294.4, 18452.2, 2873.9, 18782.3, 9470.2, 18889.4, 3361.7, 3782.3, 13829.1, 13589.3, 13493.1, 12191.2, 12128, 12950, 10280.6, 14573.7, 12063.9, 13708.5, 11890.2, 10748.1, 13320.8, 12854.2, 11816.3, 1951.8, 604.6, 1339.8, 1275.4, 3459.5, 1992.5, 0, 1719, 5531.9, 2317.4, 1315.6, 3550.4, 10464.4, 13734.3, 13537.2, 13313.8], [11385.6, 13575.3, 16733.1, 4562.3, 17063.3, 8096.8, 17170.4, 5050.1, 5470.7, 12110.1, 11870.3, 11774.1, 10472.1, 10409, 11230.9, 8561.5, 12854.7, 10344.8, 11989.5, 10171.1, 9029.1, 11601.8, 11135.1, 10097.2, 1143.6, 1141.6, 531.6, 670.8, 2086.1, 619.1, 1719, 0, 4158.5, 944, 403.4, 2177, 8745.4, 12015.2, 11818.2, 11594.7], [13793.4, 15983, 19140.9, 8375.1, 19471, 5224.4, 19578.1, 8862.9, 8843.4, 14517.8, 14278, 14181.8, 12879.8, 12816.7, 13638.7, 10969.2, 15262.4, 12752.5, 14397.2, 12578.9, 11436.8, 14009.5, 13542.9, 12505, 4956.4, 4954.4, 4344.4, 4483.6, 4236.9, 3539.4, 5531.9, 4158.5, 0, 3144.4, 4216.3, 4327.8, 11153.1, 14423, 14225.9, 14002.4], [12202.8, 14392.5, 17550.3, 5160.6, 17880.5, 7416.4, 17987.6, 5648.4, 6069, 12927.3, 12687.5, 12591.3, 11289.3, 11226.2, 12048.1, 9378.7, 13671.9, 11162, 12806.7, 10988.3, 9846.3, 12419, 11952.3, 10914.5, 1741.9, 1739.9, 1129.9, 1269.1, 1405.7, 324.9, 2317.4, 944, 3144.4, 0, 1001.7, 1496.6, 9562.6, 12832.4, 12635.4, 12411.9], [11789.1, 13978.7, 17136.6, 4158.8, 17466.7, 8154.5, 17573.8, 4646.6, 5067.3, 12513.5, 12273.7, 12177.5, 10875.5, 10812.4, 11634.4, 8964.9, 13258.1, 10748.2, 12392.9, 10574.6, 9432.5, 12005.2, 11538.6, 10500.7, 740.2, 738.2, 128.2, 267.4, 2143.9, 676.8, 1315.6, 403.4, 4216.3, 1001.7, 0, 2234.8, 9148.8, 12418.7, 12221.6, 11998.1], [10778.7, 12968.4, 16126.2, 6393.6, 16456.4, 5992.2, 16563.4, 6881.4, 7302, 11503.1, 11263.3, 11167.2, 9865.2, 9802.1, 10624, 7954.6, 12247.8, 9737.9, 11382.5, 9564.2, 8422.2, 10994.9, 10528.2, 9490.3, 2974.9, 2972.9, 2362.9, 2502.1, 90.9, 1557.9, 3550.4, 2177, 4327.8, 1496.6, 2234.8, 0, 8138.5, 11408.3, 11211.3, 10987.8], [3258.2, 5447.9, 10622.3, 13307.7, 10952.4, 8432.3, 11059.5, 13795.5, 14216.1, 6798.4, 3742.8, 3716.6, 2344.7, 2541.6, 3103.5, 504, 4109.3, 1599.4, 3244.1, 2815.7, 971.6, 2946.7, 3007.7, 2938.4, 9889, 9887, 9277, 9416.2, 8156.9, 9624, 10464.4, 8745.4, 11153.1, 9562.6, 9148.8, 8138.5, 0, 3269.8, 3163.1, 3467.3], [6050.8, 5102.2, 6305.4, 16577.5, 7417, 11702.2, 7524.1, 17065.3, 17485.9, 6935.6, 6535.5, 6790, 5137.3, 2678.8, 5896.1, 3556.8, 839.5, 1670.4, 25.8, 2952.9, 4241.4, 1859.4, 5800.3, 3075.6, 13158.8, 13156.8, 12546.8, 12686, 11426.8, 12893.8, 13734.3, 12015.2, 14423, 12832.4, 12418.7, 11408.3, 3269.8, 0, 1662.2, 6259.9], [5944.1, 5762.3, 4645.6, 18054.1, 5757.2, 13178.7, 5864.3, 18541.9, 18962.5, 5802.2, 6428.7, 6683.2, 5030.6, 1422.4, 5789.4, 3450.1, 1263.4, 1629.9, 1687.9, 1696.6, 4134.7, 216.4, 5693.6, 2728.2, 14635.4, 14633.4, 14023.4, 14162.6, 12903.3, 14370.4, 15210.8, 13491.8, 15899.5, 14309, 13895.2, 12884.9, 3163.1, 1662.2, 0, 6153.2], [129, 2945.1, 8926.9, 16157, 10038.4, 11281.7, 10145.5, 16644.8, 17065.4, 12159.9, 306.3, 560.8, 1203, 5531.6, 879.9, 3033.2, 7099.4, 4589.5, 6234.1, 5805.8, 3328.3, 5936.8, 505, 5928.5, 12738.3, 12736.3, 12126.3, 12265.5, 11006.3, 12473.3, 13313.8, 11594.7, 14002.4, 12411.9, 11998.1, 10987.8, 3467.3, 6259.9, 6153.2, 0]]}