{"schools": [{"school_id": "50102683", "school_name": "SD NEGERI 5 ABABI", "demand": 83, "latitude": -8.404496199999999, "longitude": 115.5876226, "lunch_time": 570, "cluster": 14}, {"school_id": "50102733", "school_name": "SD NEGERI 4 ABABI", "demand": 89, "latitude": -8.4033721, "longitude": 115.5964294, "lunch_time": 570, "cluster": 14}, {"school_id": "50102771", "school_name": "SMKN 1 ABANG", "demand": 758, "latitude": -8.3777327, "longitude": 115.6029761, "lunch_time": 720, "cluster": 14}, {"school_id": "50102775", "school_name": "SMP NEGERI 1 ABANG", "demand": 769, "latitude": -8.3946642, "longitude": 115.5974773, "lunch_time": 720, "cluster": 14}, {"school_id": "50102799", "school_name": "SMP NEGERI 5 ABANG", "demand": 360, "latitude": -8.376482600000001, "longitude": 115.5866782, "lunch_time": 720, "cluster": 14}, {"school_id": "50102822", "school_name": "SD NEGERI 8 ABABI", "demand": 52, "latitude": -8.3971539, "longitude": 115.5823629, "lunch_time": 570, "cluster": 14}, {"school_id": "50102832", "school_name": "SD NEGERI 7 ABABI", "demand": 78, "latitude": -8.4088219, "longitude": 115.5989522, "lunch_time": 570, "cluster": 14}, {"school_id": "50102868", "school_name": "SD NEGERI 1 PIDPID", "demand": 134, "latitude": -8.3828478, "longitude": 115.5930091, "lunch_time": 570, "cluster": 14}, {"school_id": "50102871", "school_name": "SD NEGERI 1 NAWA KERTI", "demand": 240, "latitude": -8.3787932, "longitude": 115.5772002, "lunch_time": 570, "cluster": 14}, {"school_id": "50102884", "school_name": "SD NEGERI 2 ABABI", "demand": 95, "latitude": -8.4161418, "longitude": 115.604678, "lunch_time": 570, "cluster": 14}, {"school_id": "50102885", "school_name": "SD NEGERI 2 ABANG", "demand": 137, "latitude": -8.3951902, "longitude": 115.6071143, "lunch_time": 570, "cluster": 14}, {"school_id": "50102898", "school_name": "SD NEGERI 1 TISTA", "demand": 148, "latitude": -8.379128, "longitude": 115.6108195, "lunch_time": 570, "cluster": 14}, {"school_id": "50102923", "school_name": "SD NEGERI 1 ABABI", "demand": 100, "latitude": -8.404231900000001, "longitude": 115.5881117, "lunch_time": 570, "cluster": 14}, {"school_id": "50102931", "school_name": "SD NEGERI 1 KESIMPAR", "demand": 75, "latitude": -8.3768694, "longitude": 115.5951375, "lunch_time": 570, "cluster": 14}, {"school_id": "50102935", "school_name": "SD NEGERI 1 ABANG", "demand": 146, "latitude": -8.390544199999999, "longitude": 115.5985098, "lunch_time": 570, "cluster": 14}, {"school_id": "50102956", "school_name": "SD NEGERI 3 ABANG", "demand": 69, "latitude": -8.3952504, "longitude": 115.5960294, "lunch_time": 570, "cluster": 14}, {"school_id": "50102959", "school_name": "SD NEGERI 2 TIYINGTALI", "demand": 144, "latitude": -8.407151899999999, "longitude": 115.6131706, "lunch_time": 570, "cluster": 14}, {"school_id": "50102972", "school_name": "SD NEGERI 3 PIDPID", "demand": 57, "latitude": -8.390407399999999, "longitude": 115.5860783, "lunch_time": 570, "cluster": 14}, {"school_id": "50102993", "school_name": "SD NEGERI 2 KESIMPAR", "demand": 83, "latitude": -8.3718513, "longitude": 115.5903106, "lunch_time": 570, "cluster": 14}, {"school_id": "50103010", "school_name": "SD NEGERI 2 NAWA KERTI", "demand": 91, "latitude": -8.3694814, "longitude": 115.579242, "lunch_time": 570, "cluster": 14}, {"school_id": "50103808", "school_name": "SD NEGERI 2 TRIBUANA", "demand": 148, "latitude": -8.3977443, "longitude": 115.6176778, "lunch_time": 570, "cluster": 14}, {"school_id": "50103809", "school_name": "SD NEGERI 3 TRIBUANA", "demand": 132, "latitude": -8.3939069, "longitude": 115.6188492, "lunch_time": 570, "cluster": 14}, {"school_id": "50103810", "school_name": "SD NEGERI 2 TISTA", "demand": 85, "latitude": -8.376824599999999, "longitude": 115.6000932, "lunch_time": 570, "cluster": 14}, {"school_id": "50103811", "school_name": "SD NEGERI 3 TISTA", "demand": 75, "latitude": -8.3852259, "longitude": 115.6087977, "lunch_time": 570, "cluster": 14}, {"school_id": "50103812", "school_name": "SD NEGERI 4 TISTA", "demand": 74, "latitude": -8.3749111, "longitude": 115.6186879, "lunch_time": 570, "cluster": 14}, {"school_id": "50103813", "school_name": "SD NEGERI 4 TRIBUANA", "demand": 89, "latitude": -8.388427799999999, "longitude": 115.6203161, "lunch_time": 570, "cluster": 14}, {"school_id": "50103814", "school_name": "SD NEGERI 1 TIYINGTALI", "demand": 124, "latitude": -8.41403, "longitude": 115.61695, "lunch_time": 570, "cluster": 14}, {"school_id": "50105103", "school_name": "TK NEGERI PEMBINA ABANG", "demand": 112, "latitude": -8.3898903, "longitude": 115.6013377, "lunch_time": 480, "cluster": 14}, {"school_id": "69988528", "school_name": "SMP NEGERI 6 ABANG", "demand": 432, "latitude": -8.375410500000001, "longitude": 115.6069502, "lunch_time": 720, "cluster": 14}, {"school_id": "70003333", "school_name": "SMA NEGERI 1 ABANG", "demand": 752, "latitude": -8.3747587, "longitude": 115.6073499, "lunch_time": 720, "cluster": 14}], "kitchens": [{"kitchen_name": "SPPG Karangasem Karangasem Padangkerta 2", "latitude": -8.425523822252433, "longitude": 115.59398778315924, "type": "sppg"}, {"kitchen_name": "Katering Warung Nasi Campur Mok Luh jape", "latitude": -8.433556099999999, "longitude": 115.600776, "type": "catering_service"}, {"kitchen_name": "Martabak MARBUANA 26", "latitude": -8.4337006, "longitude": 115.6141191, "type": "buffet_restaurant"}, {"kitchen_name": "SPPG Karangasem Karangasem Padangkerta", "latitude": -8.43603902894372, "longitude": 115.59592493308222, "type": "sppg"}, {"kitchen_name": "Bali Wedding Catering", "latitude": -8.4398469, "longitude": 115.5959134, "type": "catering_service"}, {"kitchen_name": "SPPG Karangasem Karangasem Padangkerta 3", "latitude": -8.4418851, "longitude": 115.5965798, "type": "sppg"}, {"kitchen_name": "Warung Ayu", "latitude": -8.4533997, "longitude": 115.601856, "type": "catering_service"}, {"kitchen_name": "MARTABAK TIM TAM", "latitude": -8.456191, "longitude": 115.6018017, "type": "buffet_restaurant"}, {"kitchen_name": "Martabak 26", "latitude": -8.456632200000001, "longitude": 115.5978277, "type": "buffet_restaurant"}, {"kitchen_name": "SPPG Karangasem Karangasem Subagan", "latitude": -8.466045670720375, "longitude": 115.61081245882858, "type": "sppg"}], "suppliers": [{"supplier_name": "Pasar desa abang", "latitude": -8.3881717, "longitude": 115.6015562, "type": "market"}, {"supplier_name": "I Nyoman Rindi", "latitude": -8.388297, "longitude": 115.6139139, "type": "butcher"}, {"supplier_name": "Luluh sate YAYIK", "latitude": -8.399705299999999, "longitude": 115.6099415, "type": "butcher"}, {"supplier_name": "Pasar Mangsul Tista", "latitude": -8.3789875, "longitude": 115.6091815, "type": "market"}, {"supplier_name": "Toko sinar ayu", "latitude": -8.3793467, "longitude": 115.6100968, "type": "market"}, {"supplier_name": "Sodagar dare yan bluyun", "latitude": -8.407108299999999, "longitude": 115.6043167, "type": "market"}, {"supplier_name": "Sodagar paksi yan bluyun", "latitude": -8.4098965, "longitude": 115.5998601, "type": "market"}, {"supplier_name": "Buah Segar Berina", "latitude": -8.3692119, "longitude": 115.6089981, "type": "market"}, {"supplier_name": "Wr.putu sugiantari", "latitude": -8.3695258, "longitude": 115.5898054, "type": "butcher"}, {"supplier_name": "Dagang es daluman", "latitude": -8.3708929, "longitude": 115.58731829999998, "type": "market"}], "first_echelon_matrix": [[0, 2023.1, 4002.2, 1758.1, 1866.3, 4634.3, 3018.9, 3122.5, 3197.1, 2862.2, 6110.4, 9985.6, 6649.7, 8253.4, 8162.3, 8657.3, 10546.8, 10964.5, 11144.5, 12428.2], [2023.1, 0, 3837.9, 1685.4, 1793.6, 6657.3, 5042, 3049.8, 4504.6, 4520.9, 8133.5, 12008.7, 7196.9, 10276.5, 10185.3, 10680.3, 12569.9, 12987.6, 13167.5, 14451.2], [4002.2, 3837.9, 0, 3572.9, 3681.1, 3974.3, 2358.9, 4937.3, 5011.9, 4677, 6678.6, 5898.3, 4440.3, 8821.6, 8730.4, 9225.4, 11115, 11532.7, 11712.7, 12996.3], [1758.1, 1685.4, 3572.9, 0, 108.2, 6392.3, 4776.9, 1377.9, 2832.7, 2802.6, 7868.5, 11743.7, 8407.8, 10011.5, 9920.3, 10415.3, 12304.9, 12722.5, 12902.5, 14186.2], [1866.3, 1793.6, 3681.1, 108.2, 0, 6500.5, 4885.1, 1486.1, 2940.9, 2910.8, 7976.7, 11851.9, 8516, 10119.7, 10028.5, 10523.5, 12413.1, 12830.7, 13010.7, 14294.4], [4634.3, 6657.3, 3974.3, 6392.3, 6500.5, 0, 1615.4, 7756.8, 7831.4, 7496.4, 4318.6, 4169.5, 3619.2, 5446.2, 6470.9, 6965.9, 8855.5, 9273.1, 9453.1, 10736.8], [3018.9, 5042, 2358.9, 4776.9, 4885.1, 1615.4, 0, 6141.4, 6216, 5881, 5695.2, 4181.1, 3630.8, 7838.2, 7747.1, 8242.1, 10131.6, 10549.3, 10729.3, 12013], [3122.5, 3049.8, 4937.4, 1377.9, 1486.1, 7756.8, 6141.4, 0, 3783.8, 3753.7, 9232.9, 13108.1, 9772.2, 11375.9, 11284.7, 11779.7, 13669.3, 14087, 14267, 15550.6], [3197.1, 4504.6, 5011.9, 2832.7, 2940.9, 7831.4, 6216, 3783.8, 0, 1604.8, 9307.5, 13182.7, 9846.8, 11450.5, 11359.3, 11854.3, 13743.9, 14161.6, 14341.6, 15625.2], [2862.2, 4520.9, 4677, 2802.6, 2910.8, 7496.4, 5881, 3753.7, 1604.8, 0, 8972.6, 12847.8, 9511.9, 11115.6, 11024.4, 11519.4, 13409, 13826.6, 14006.6, 15290.3], [6110.4, 8133.5, 6678.6, 7868.5, 7976.7, 4318.6, 5695.2, 9232.9, 9307.5, 8972.6, 0, 3975.7, 4547.4, 2243.5, 2152.3, 2647.3, 4536.9, 4954.6, 5134.5, 6418.2], [9985.6, 12008.7, 5898.3, 11743.7, 11851.9, 4169.5, 4181.1, 13108.1, 13182.7, 12847.8, 3975.7, 0, 1741.6, 1807.6, 1823.4, 2217.9, 4107.5, 4525.2, 4705.1, 5988.8], [6629.3, 8652.4, 4419.9, 8387.4, 8495.6, 3598.9, 3610.5, 9751.8, 9826.4, 9491.5, 4562.8, 1757.1, 0, 2394.8, 2410.5, 2805.1, 3371.1, 3788.7, 3968.7, 5252.4], [8253.4, 10276.5, 8821.6, 10011.5, 10119.7, 5446.2, 7838.2, 11375.9, 11450.5, 11115.6, 2243.5, 1807.6, 2379.3, 0, 684.3, 1078.8, 2968.4, 3386.1, 3566.1, 4849.7], [8162.3, 10185.3, 8730.4, 9920.3, 10028.5, 6470.9, 7747.1, 11284.7, 11359.3, 11024.4, 2152.3, 1823.4, 2395.1, 684.3, 0, 495, 2384.6, 2802.2, 2982.2, 4265.9], [8657.3, 10680.3, 9225.4, 10415.3, 10523.5, 6965.9, 8242.1, 11779.7, 11854.3, 11519.4, 2647.3, 2217.9, 2789.6, 1078.8, 495, 0, 2303.5, 2721.2, 2901.2, 4184.9], [10523.7, 12546.7, 11091.9, 12281.7, 12389.9, 8832.3, 10108.5, 13646.2, 13720.8, 13385.8, 4513.7, 4084.3, 3296.8, 2945.3, 2361.4, 2280.4, 0, 417.7, 597.7, 1881.3], [10964.2, 12987.3, 11532.4, 12722.3, 12830.5, 9272.9, 10549.1, 14086.7, 14161.3, 13826.4, 4954.3, 4524.9, 3737.3, 3385.8, 2802, 2720.9, 440.5, 0, 598.6, 1477.5], [11111.7, 13134.7, 11679.9, 12869.7, 12977.9, 9420.3, 10696.5, 14234.2, 14308.8, 13973.8, 5101.7, 4672.3, 3884.8, 3533.3, 2949.4, 2868.4, 588, 615.4, 0, 2079.1], [12427.9, 14451, 12996.1, 14185.9, 14294.1, 10736.5, 12012.7, 15550.4, 15625, 15290, 6418, 5988.6, 5201, 4849.5, 4265.6, 4184.6, 1904.2, 1477.5, 2062.3, 0]], "second_echelon_matrix": [[0, 3975.7, 4547.4, 2243.5, 2152.3, 2647.3, 4536.9, 4954.6, 5134.5, 6418.2, 3218.7, 4934.4, 8567.2, 4957.4, 8638.6, 4248, 5570.4, 7581.2, 9469.6, 3461.8, 6867.3, 8074.7, 3141.7, 8135.3, 5590.4, 4929.5, 7386.6, 6192.9, 8944.3, 9893.1, 9516.9, 9281.4, 8910.4, 7405.5, 9291.3, 9006.5, 4672.7, 6071.9, 8414.8, 8393.6], [3975.7, 0, 1741.6, 1807.6, 1823.4, 2217.9, 4107.5, 4525.2, 4705.1, 5988.8, 7093.9, 5055, 12442.4, 8832.6, 12513.9, 8123.3, 4355.7, 11456.4, 13344.8, 3312.7, 6575.9, 11950, 7017, 12010.6, 9465.7, 8804.7, 4988.6, 10068.1, 12819.6, 13768.3, 7074.3, 7877.5, 12785.6, 11280.7, 13166.6, 12881.7, 3998.5, 9947.1, 12290.1, 12268.8], [4562.8, 1757.1, 0, 2394.8, 2410.5, 2805.1, 3371.1, 3788.7, 3968.7, 5252.4, 7681.1, 4484.3, 9086.1, 5476.3, 9157.6, 8710.4, 3785, 8100.1, 9988.5, 2742, 5097.5, 8593.7, 7604.1, 8654.3, 6109.4, 5448.4, 3510.2, 6711.8, 9463.3, 10412, 5595.9, 6399.1, 9429.3, 7924.4, 9810.3, 7493.1, 2520.1, 6590.8, 8933.8, 8912.5], [2243.5, 1807.6, 2379.3, 0, 684.3, 1078.8, 2968.4, 3386.1, 3566.1, 4849.7, 5361.7, 7077.4, 10710.2, 7100.4, 10781.7, 6391.1, 7713.4, 9724.2, 11612.6, 4589.4, 9010.4, 10217.8, 5284.8, 10278.3, 7733.4, 7072.5, 5889.5, 8335.9, 11087.4, 12036.1, 11659.9, 11424.4, 11053.4, 9548.5, 11434.4, 11149.5, 4899.4, 8214.9, 10557.8, 10536.6], [2152.3, 1823.4, 2395.1, 684.3, 0, 495, 2384.6, 2802.2, 2982.2, 4265.9, 5270.5, 6986.3, 10619.1, 7009.2, 10690.5, 6299.9, 7622.3, 9633, 11521.5, 5614.1, 8919.2, 10126.6, 5193.6, 10187.2, 7642.3, 6981.3, 5905.3, 8244.8, 10996.2, 11944.9, 11568.7, 11333.3, 10962.2, 9457.3, 11343.2, 11058.3, 4915.2, 8123.7, 10466.7, 10445.4], [2647.3, 2217.9, 2789.6, 1078.8, 495, 0, 2303.5, 2721.2, 2901.2, 4184.9, 5765.5, 7481.3, 11114.1, 7504.2, 11185.5, 6794.9, 8117.3, 10128, 12016.5, 6109.1, 9414.2, 10621.6, 5688.6, 10682.2, 8137.3, 7476.3, 6299.8, 8739.8, 11491.2, 12439.9, 12063.7, 11828.3, 11457.2, 9952.4, 11838.2, 11553.3, 5309.7, 8618.7, 10961.7, 10940.4], [4513.7, 4084.3, 3296.8, 2945.3, 2361.4, 2280.4, 0, 417.7, 597.7, 1881.3, 7632, 9347.7, 12980.5, 9370.6, 13051.9, 8661.3, 9983.7, 11994.5, 13882.9, 7975.5, 11280.6, 12488, 7555, 12548.6, 10003.7, 9342.8, 6807, 10606.2, 13357.6, 14306.3, 13930.2, 13694.7, 13323.7, 11818.8, 13704.6, 13419.8, 5816.9, 10485.1, 12828.1, 12806.8], [4954.3, 4524.9, 3737.3, 3385.8, 2802, 2720.9, 440.5, 0, 598.6, 1477.5, 8072.5, 9788.3, 13421, 9811.2, 13492.5, 9101.9, 10424.2, 12435, 14323.4, 8416, 11721.2, 12928.6, 7995.6, 12989.1, 10444.2, 9783.3, 7247.5, 11046.7, 13798.2, 14746.9, 14370.7, 14135.3, 13764.2, 12259.3, 14145.2, 13860.3, 6257.4, 10925.7, 13268.6, 13247.4], [5101.7, 4672.3, 3884.8, 3533.3, 2949.4, 2868.4, 588, 615.4, 0, 2079.1, 8220, 9935.7, 13568.5, 9958.6, 13639.9, 9249.3, 10571.7, 12582.5, 14470.9, 8563.5, 11868.6, 13076, 8143, 13136.6, 10591.7, 9930.8, 7395, 11194.2, 13945.6, 14894.3, 14518.2, 14282.7, 13911.7, 12406.8, 14292.6, 14007.8, 6404.9, 11073.1, 13416.1, 13394.8], [6418, 5988.6, 5201, 4849.5, 4265.6, 4184.6, 1904.2, 1477.5, 2062.3, 0, 9536.2, 11251.9, 14884.7, 11274.8, 14956.1, 10565.5, 11887.9, 13898.7, 15787.1, 9879.7, 13184.8, 14392.2, 9459.2, 14452.8, 11907.9, 11247, 8711.2, 12510.4, 15261.8, 16210.5, 15834.4, 15598.9, 15227.9, 13723, 15608.8, 15324, 7721.1, 12389.3, 14732.3, 14711], [3218.7, 7093.9, 7665.6, 5361.7, 5270.5, 5765.5, 7655.1, 8072.8, 8252.8, 9536.4, 0, 2075, 5707.8, 2097.9, 5779.2, 1388.6, 2711, 4721.7, 6610.2, 3704.2, 4007.9, 5215.3, 282.3, 5275.9, 2731, 2070, 4527.2, 3333.5, 6084.9, 7033.6, 6657.4, 6422, 6050.9, 4546.1, 6431.9, 6147.1, 5484.7, 3212.4, 5555.4, 5534.1], [4934.4, 5055, 4504.7, 7077.4, 6986.3, 7481.3, 9370.8, 9788.5, 9968.5, 11252.2, 2075, 0, 4714.9, 1105, 4786.3, 2519.6, 749.1, 3728.9, 5617.3, 1742.3, 2046, 4222.4, 1792.7, 4283, 1738.1, 1077.2, 2565.3, 2340.6, 5092, 6040.7, 5664.6, 5429.1, 5058.1, 3553.2, 5439, 5154.2, 3522.8, 2219.5, 4562.5, 4541.2], [8567.2, 12442.4, 9106.5, 10710.2, 10619.1, 11114.1, 13003.6, 13421.3, 13601.3, 14885, 5707.8, 4714.9, 0, 3609.9, 2118.9, 6152.3, 5350.9, 1824.5, 3395, 6344.1, 3622.7, 918.5, 5425.5, 948.3, 2976.8, 3835.6, 7167.1, 5099, 1757.3, 3010.9, 3767.5, 3532.1, 343.2, 1656.1, 2135.2, 3257.1, 8124.6, 2656.1, 641.1, 662.3], [4957.4, 8832.6, 5496.7, 7100.4, 7009.2, 7504.2, 9393.8, 9811.4, 9991.4, 11275.1, 2097.9, 1105, 3609.9, 0, 3681.3, 2542.5, 1741, 2623.8, 4512.3, 2734.3, 2683.3, 3117.4, 1815.6, 3178, 633.1, 225.8, 3557.2, 1489.2, 3987, 4935.7, 4559.5, 4324.1, 3953, 2448.1, 4334, 4049.1, 4514.8, 1114.5, 3457.5, 3436.2], [8638.6, 12513.9, 9178, 10781.7, 10690.5, 11185.5, 13075.1, 13492.7, 13672.7, 14956.4, 5779.2, 4786.3, 2118.9, 3681.3, 0, 6223.8, 5422.3, 1288.3, 1603, 6415.6, 3694.2, 4128.3, 5496.9, 1170.6, 3048.2, 3907.1, 7238.5, 3129.4, 1270.2, 2071.1, 5570.4, 5335, 1841.6, 3459, 5344.9, 5060, 8196.1, 2727.6, 2760, 2781.2], [4248, 8123.3, 8695, 6391.1, 6299.9, 6794.9, 8684.4, 9102.1, 9282.1, 10565.8, 1388.6, 2519.6, 6152.3, 2542.5, 6223.8, 0, 3155.6, 3100.7, 7054.7, 4148.8, 4452.5, 5659.9, 1106.3, 5720.5, 3175.6, 2514.6, 4971.8, 2450.6, 6529.5, 7478.2, 7102, 6866.6, 6495.5, 4990.6, 6876.5, 6591.6, 5929.3, 3657, 6000, 5978.7], [5570.4, 4355.7, 3805.4, 7713.4, 7622.3, 8117.3, 10006.8, 10424.5, 10604.5, 11888.2, 2711, 749.1, 5350.9, 1741, 5422.3, 3155.6, 0, 4364.8, 6253.3, 1043, 2422.9, 4858.4, 2428.7, 4919, 2374.1, 1713.2, 2942.1, 2976.6, 5728, 6676.7, 6300.6, 6065.1, 5694, 4189.2, 6075, 5790.2, 3899.7, 2855.5, 5198.5, 5177.2], [7581.2, 11456.4, 8120.5, 9724.2, 9633, 10128, 12017.6, 12435.3, 12615.3, 13898.9, 4721.7, 3728.9, 1824.5, 2623.8, 1288.3, 5166.3, 4364.9, 0, 2119.3, 5358.1, 2636.7, 3070.8, 4439.4, 1217.9, 1990.8, 2849.6, 6181.1, 1841.1, 1333.8, 2542.8, 4513, 4277.5, 1547.2, 2401.6, 4287.4, 4002.6, 7138.6, 1670.1, 3410.9, 3389.6], [9469.6, 13344.8, 10008.9, 11612.6, 11521.5, 12016.5, 13906, 14323.7, 14503.7, 15787.4, 6610.2, 5617.3, 3395, 4512.3, 1603, 7054.7, 6253.3, 2119.3, 0, 7246.5, 4525.1, 4959.2, 6327.9, 2446.7, 3879.2, 4738, 8069.5, 3768.5, 2546.3, 3163.5, 6401.4, 6165.9, 3117.7, 4290, 6175.9, 5891, 9027, 3558.5, 5299.3, 5278.1], [3461.8, 3312.7, 2762.4, 4589.4, 5614.1, 6109.1, 7998.6, 8416.3, 8596.3, 9880, 3704.2, 1742.3, 6344.1, 2734.3, 6415.6, 4148.8, 1043, 5358.1, 7246.5, 0, 3416.1, 5851.6, 3421.9, 5912.2, 3367.3, 2706.4, 3935.4, 3969.8, 6721.3, 7670, 7293.8, 7058.3, 6687.3, 5182.4, 7068.3, 6783.4, 3879, 3848.8, 6191.7, 6170.5], [6867.3, 6575.9, 5117.9, 9010.4, 8919.2, 9414.2, 11303.8, 11721.4, 11901.4, 13185.1, 4007.9, 2046, 3622.7, 2683.3, 3694.2, 4452.5, 2422.9, 2636.7, 4525.1, 3416.1, 0, 3130.3, 3725.6, 3190.8, 2050.2, 2909, 1619.9, 4172.4, 3999.9, 4948.6, 4572.4, 4337, 3965.9, 2461, 4346.9, 4062, 2577.4, 1729.6, 3470.3, 3449.1], [8074.7, 11950, 8614, 10217.8, 10126.6, 10621.6, 12511.1, 12928.8, 13108.8, 14392.5, 5215.3, 4222.4, 918.5, 3117.4, 4128.3, 5659.9, 4858.4, 3070.8, 4959.2, 5851.6, 3130.3, 0, 4933, 1866.8, 2484.3, 3343.1, 6674.6, 4606.6, 2675.9, 3929.4, 3275.1, 3039.6, 1261.7, 1163.7, 1298.1, 2764.7, 7632.2, 2163.7, 766.2, 744.9], [3141.7, 7017, 7588.7, 5284.8, 5193.6, 5688.6, 7578.2, 7995.8, 8175.8, 9459.5, 282.3, 1792.7, 5425.5, 1815.6, 5496.9, 1106.3, 2428.7, 4439.4, 6327.9, 3421.9, 3725.6, 4933, 0, 4993.6, 2448.7, 1787.7, 4244.9, 3051.2, 5802.6, 6751.3, 6375.1, 6139.7, 5768.6, 4263.7, 6149.6, 5864.7, 5202.4, 2930.1, 5273.1, 5251.8], [8135.3, 12010.6, 8674.6, 10278.3, 10187.2, 10682.2, 12571.7, 12989.4, 13169.4, 14453.1, 5275.9, 4283, 948.3, 3178, 1170.6, 5720.5, 4919, 1217.9, 2446.7, 5912.2, 3190.8, 1866.8, 4993.6, 0, 2544.9, 3403.7, 6735.2, 3059, 809, 2062.6, 4715.8, 4480.4, 671, 2604.4, 3083.5, 4205.4, 7692.7, 2224.2, 1589.4, 1610.6], [5590.4, 9465.7, 6129.7, 7733.4, 7642.3, 8137.3, 10026.8, 10444.5, 10624.5, 11908.2, 2731, 1738.1, 2976.8, 633.1, 3048.2, 3175.6, 2374.1, 1990.8, 3879.2, 3367.3, 2050.2, 2484.3, 2448.7, 2544.9, 0, 858.8, 4190.3, 2122.2, 3353.9, 4302.6, 3926.5, 3691, 3320, 1815.1, 3700.9, 3416.1, 5147.8, 481.4, 2824.4, 2803.1], [4929.5, 8804.7, 5468.8, 7072.5, 6981.3, 7476.3, 9365.9, 9783.6, 9963.6, 11247.2, 2070, 1077.2, 3835.6, 225.8, 3907.1, 2514.6, 1713.2, 1913.5, 4738, 2706.4, 2909, 3343.1, 1787.7, 3403.7, 858.8, 0, 3529.4, 1263.4, 4212.8, 5161.5, 4785.3, 4549.8, 4178.8, 2673.9, 4559.8, 4274.9, 4486.9, 1340.3, 3683.2, 3662], [7386.6, 4988.6, 3530.6, 5925.3, 5941.1, 6335.6, 6819.1, 7236.8, 7416.8, 8700.5, 4527.2, 2565.2, 7167.1, 3557.2, 7238.5, 4971.7, 2942.1, 6181, 8069.5, 3935.4, 1619.9, 6674.6, 4244.9, 6735.2, 4190.3, 3529.3, 0, 4792.8, 7544.2, 8492.9, 4208.4, 5011.5, 7510.2, 6005.4, 7891.2, 7606.3, 990.1, 4671.7, 7014.7, 6993.4], [6192.9, 10068.1, 6732.2, 8335.9, 8244.8, 8739.8, 10629.3, 11047, 11227, 12510.7, 3333.5, 2340.6, 5099, 1489.2, 3129.4, 2450.6, 2976.6, 1841.1, 3768.5, 3969.8, 4172.4, 4606.6, 3051.2, 3059, 2122.2, 1263.4, 4792.8, 0, 3174.9, 4383.8, 6048.7, 5813.3, 5442.2, 3937.3, 5823.2, 5538.3, 5750.3, 2603.7, 4946.6, 4925.4], [8944.3, 12819.6, 9483.7, 11087.4, 10996.2, 11491.2, 13380.8, 13798.4, 13978.4, 15262.1, 6084.9, 5092, 1757.3, 3987, 1270.2, 6529.5, 5728, 1333.8, 2546.3, 6721.3, 3999.9, 2675.9, 5802.6, 809, 3353.9, 4212.8, 7544.2, 3174.9, 0, 2162.2, 5524.9, 5289.4, 1480.1, 3413.5, 3892.5, 5014.5, 8501.8, 3033.3, 2398.4, 2419.7], [9893.1, 13768.3, 10432.4, 12036.1, 11944.9, 12439.9, 14329.5, 14747.1, 14927.1, 16210.8, 7033.6, 6040.7, 3010.9, 4935.7, 2071.1, 7478.2, 6676.7, 2542.8, 3163.5, 7670, 4948.6, 3929.4, 6751.3, 2062.6, 4302.6, 5161.5, 8492.9, 4383.8, 2162.2, 0, 6824.8, 6589.4, 2733.6, 4713.4, 5146, 6314.4, 9450.5, 3982, 3651.9, 3673.2], [9516.9, 7074.3, 5616.3, 11659.9, 11568.7, 12063.7, 13953.3, 14371, 14551, 15834.6, 6657.4, 5664.6, 3767.5, 4559.5, 5570.4, 7102, 6300.6, 4513, 6401.4, 7293.8, 4572.4, 3275.1, 6375.1, 4715.8, 3926.5, 4785.3, 4208.4, 6048.7, 5524.9, 6824.8, 0, 910.7, 4110.7, 2111.4, 3311.2, 2004.7, 3218.3, 3605.8, 3615.1, 3593.9], [9281.4, 7877.5, 6419.5, 11424.4, 11333.3, 11828.3, 13717.8, 14135.5, 14315.5, 15599.2, 6422, 5429.1, 3532.1, 4324.1, 5335, 6866.6, 6065.1, 4277.5, 6165.9, 7058.3, 4337, 3039.6, 6139.7, 4480.4, 3691, 4549.8, 5011.6, 5813.3, 5289.4, 6589.4, 910.7, 0, 3875.3, 1875.9, 3075.7, 1769.3, 4021.4, 3370.4, 3379.7, 3358.4], [8910.4, 12785.6, 9449.7, 11053.4, 10962.2, 11457.2, 13346.8, 13764.5, 13944.5, 15228.1, 6050.9, 5058.1, 343.2, 3953, 1841.6, 6495.5, 5694.1, 1547.2, 3117.7, 6687.3, 3965.9, 1261.7, 5768.6, 671, 3320, 4178.8, 7510.3, 5442.2, 1480.1, 2733.6, 4110.7, 3875.2, 0, 1999.3, 2478.3, 3600.3, 8467.8, 2999.3, 984.2, 1005.5], [7405.5, 11280.7, 7944.8, 9548.5, 9457.3, 9952.4, 11841.9, 12259.6, 12439.6, 13723.3, 4546.1, 3553.2, 1656.1, 2448.1, 3459, 4990.6, 4189.2, 2401.6, 4290, 5182.4, 2461, 1163.7, 4263.7, 2604.4, 1815.1, 2673.9, 6005.4, 3937.3, 3413.5, 4713.4, 2111.4, 1875.9, 1999.3, 0, 2380.3, 1601, 5222.1, 1494.4, 1503.8, 1482.5], [9291.4, 13166.6, 9830.7, 11434.4, 11343.2, 11838.2, 13727.8, 14145.4, 14325.4, 15609.1, 6431.9, 5439, 2135.2, 4334, 5344.9, 6876.5, 6075, 4287.4, 6175.9, 7068.3, 4346.9, 1298.1, 6149.6, 3083.5, 3700.9, 4559.8, 7891.2, 5823.2, 3892.5, 5146, 3311.2, 3075.7, 2478.3, 2380.3, 0, 2800.8, 6421.9, 3380.3, 1982.8, 1961.5], [9006.5, 12881.7, 7513.5, 11149.5, 11058.3, 11553.3, 13442.9, 13860.6, 14040.6, 15324.2, 6147.1, 5154.2, 3257.1, 4049.1, 5060, 6591.6, 5790.2, 4002.6, 5891, 6783.4, 4062, 2764.7, 5864.7, 4205.4, 3416.1, 4274.9, 6105.6, 5538.3, 5014.5, 6314.4, 2004.7, 1769.3, 3600.3, 1601, 2800.8, 0, 5115.4, 3095.4, 3104.7, 3083.5], [4672.7, 3998.5, 2540.5, 4935.2, 4951, 5345.5, 5829, 6246.7, 6426.7, 7710.4, 5484.7, 3522.8, 8124.6, 4514.8, 8196.1, 5929.3, 3899.7, 7138.6, 9027, 3879, 2577.4, 7632.2, 5202.4, 7692.7, 5147.8, 4486.9, 990.1, 5750.3, 8501.8, 9450.5, 3218.3, 4021.4, 8467.8, 5222.1, 6421.9, 5115.4, 0, 5629.3, 7972.2, 7951], [6071.9, 9947.1, 6611.2, 8214.9, 8123.7, 8618.7, 10508.3, 10925.9, 11105.9, 12389.6, 3212.4, 2219.5, 2656.1, 1114.5, 2727.6, 3657, 2855.5, 1670.1, 3558.5, 3848.8, 1729.6, 2163.7, 2930.1, 2224.2, 481.4, 1340.3, 4671.7, 2603.7, 3033.3, 3982, 3605.8, 3370.4, 2999.3, 1494.4, 3380.3, 3095.4, 5629.3, 0, 2503.7, 2482.5], [8414.8, 12290.1, 8954.1, 10557.8, 10466.7, 10961.7, 12851.2, 13268.9, 13448.9, 14732.6, 5555.4, 4562.5, 641.1, 3457.5, 2760, 6000, 5198.5, 3410.9, 5299.3, 6191.7, 3470.3, 766.2, 5273.1, 1589.4, 2824.4, 3683.2, 7014.7, 4946.6, 2398.4, 3651.9, 3615.1, 3379.7, 984.2, 1503.8, 1982.8, 3104.7, 7972.2, 2503.7, 0, 21.3], [8393.6, 12268.8, 8932.9, 10536.6, 10445.4, 10940.4, 12830, 13247.6, 13427.6, 14711.3, 5534.1, 4541.2, 662.3, 3436.2, 2781.2, 5978.7, 5177.2, 3389.6, 5278.1, 6170.5, 3449.1, 744.9, 5251.8, 1610.6, 2803.1, 3662, 6993.4, 4925.4, 2419.7, 3673.2, 3593.9, 3358.4, 1005.5, 1482.5, 1961.5, 3083.5, 7951, 2482.5, 21.3, 0]]}