{"schools": [{"school_id": "50102489", "school_name": "SD NEGERI BELANDINGAN", "demand": 175, "latitude": -8.2047433, "longitude": 115.4062935, "lunch_time": 570, "cluster": 24}, {"school_id": "50102502", "school_name": "SD NEGERI PINGGAN", "demand": 306, "latitude": -8.2036027, "longitude": 115.3871016, "lunch_time": 570, "cluster": 24}, {"school_id": "50102522", "school_name": "SD NEGERI 6 SONGAN", "demand": 308, "latitude": -8.2390888, "longitude": 115.4008495, "lunch_time": 570, "cluster": 24}, {"school_id": "50102547", "school_name": "SMP NEGERI 4 KINTAMANI", "demand": 822, "latitude": -8.229049500000002, "longitude": 115.4085153, "lunch_time": 720, "cluster": 24}, {"school_id": "50102571", "school_name": "SMKN 2 KINTAMANI", "demand": 393, "latitude": -8.2293979, "longitude": 115.4085241, "lunch_time": 720, "cluster": 24}, {"school_id": "50102620", "school_name": "SD NEGERI 1 SONGAN", "demand": 123, "latitude": -8.2277799, "longitude": 115.4096674, "lunch_time": 570, "cluster": 24}, {"school_id": "50102639", "school_name": "SD NEGERI 3 SONGAN", "demand": 280, "latitude": -8.2284569, "longitude": 115.4096913, "lunch_time": 570, "cluster": 24}, {"school_id": "50105578", "school_name": "SMP NEGERI SATAP 4 KINTAMANI", "demand": 162, "latitude": -8.2023789, "longitude": 115.389934, "lunch_time": 720, "cluster": 24}, {"school_id": "69830435", "school_name": "SD NEGERI 8 SONGAN", "demand": 141, "latitude": -8.2159818, "longitude": 115.4040344, "lunch_time": 570, "cluster": 24}, {"school_id": "69900073", "school_name": "SD NEGERI 9 SONGAN", "demand": 254, "latitude": -8.2249979, "longitude": 115.3945233, "lunch_time": 570, "cluster": 24}], "kitchens": [{"kitchen_name": "Lakeview Restaurant", "latitude": -8.283273699999999, "longitude": 115.3652745, "type": "buffet_restaurant"}, {"kitchen_name": "Telemba", "latitude": -8.279392099999999, "longitude": 115.3572933, "type": "buffet_restaurant"}, {"kitchen_name": "SPPG Bangli Kintamani Batur Tengah", "latitude": -8.2781974, "longitude": 115.3551844, "type": "sppg"}, {"kitchen_name": "Restaurant Panca Yoga Buffet Lunch", "latitude": -8.2731841, "longitude": 115.347881, "type": "buffet_restaurant"}, {"kitchen_name": "Grand Puncak Sari Restaurant", "latitude": -8.2728057, "longitude": 115.3474123, "type": "buffet_restaurant"}], "suppliers": [{"supplier_name": "CICIMART", "latitude": -8.226282099999999, "longitude": 115.4030021, "type": "market"}, {"supplier_name": "Dapur Sukla", "latitude": -8.212818799999999, "longitude": 115.4028369, "type": "butcher"}, {"supplier_name": "Toko obat petani dan sembako adiputra", "latitude": -8.231259999999999, "longitude": 115.399195, "type": "market"}, {"supplier_name": "Songan bout senter", "latitude": -8.2277112, "longitude": 115.41085529999998, "type": "butcher"}, {"supplier_name": "Warung Mama Bintang", "latitude": -8.2224091, "longitude": 115.41464669999998, "type": "market"}], "first_echelon_matrix": [[0, 3334.3, 1495.1, 1099.1, 1633.7, 14759.6, 15729, 15458.5, 14388.1, 14325.7], [3334.3, 0, 4829.4, 2735, 4912.6, 17741.7, 18711.1, 18440.7, 17370.3, 17307.8], [1495.1, 4829.4, 0, 2594.2, 3128.7, 15071.6, 16041, 15770.6, 14700.2, 14637.8], [1099.1, 2735, 2594.2, 0, 1034.3, 11689.3, 12194.3, 12464.7, 15487.3, 15424.9], [1633.7, 4912.6, 3128.7, 1034.3, 0, 12723.6, 13228.6, 17092.2, 16021.8, 15959.4], [14780, 17762.1, 15092, 11709.7, 12744, 0, 1044.7, 1315.1, 2385.5, 2447.9], [15729, 18711.1, 16041, 12189.5, 13223.8, 1044.7, 0, 270.5, 1340.9, 1403.3], [15458.5, 18440.7, 15770.6, 12460, 13494.3, 1315.1, 270.5, 0, 1070.4, 1132.8], [14388.1, 17370.3, 14700.2, 15487.3, 16021.8, 2385.5, 1340.9, 1070.4, 0, 62.4], [14325.7, 17307.8, 14637.8, 15424.9, 15959.4, 2447.9, 1403.3, 1132.8, 62.4, 0]], "second_echelon_matrix": [[0, 1044.7, 1315.1, 2385.5, 2447.9, 16821.2, 14114.3, 9872.9, 11414.9, 11414.9, 11603, 11532, 14457, 17221.2, 14268.5], [1044.7, 0, 270.5, 1340.9, 1403.3, 17770.2, 15063.3, 10352.7, 11894.7, 11894.7, 12082.8, 12011.8, 15406, 18170.2, 15217.5], [1315.1, 270.5, 0, 1070.4, 1132.8, 17499.7, 14792.9, 10623.2, 12165.1, 12165.1, 12353.3, 12282.3, 15135.5, 17899.7, 14947.1], [2385.5, 1340.9, 1070.4, 0, 62.4, 16429.3, 13722.5, 11693.6, 15598.4, 15598.4, 15277.4, 15348.4, 14065.1, 16829.3, 13876.7], [2447.9, 1403.3, 1132.8, 62.4, 0, 16366.9, 13660.1, 11756, 15536, 15536, 15215, 15286, 14002.7, 16766.9, 13814.3], [16800.7, 17770.2, 17499.7, 16429.3, 16366.9, 0, 2794.6, 6878.7, 4626.3, 4626.3, 4381, 4452, 2599.2, 1880.3, 5928.3], [14093.9, 15063.3, 14792.9, 13722.5, 13660.1, 2794.6, 0, 9550.8, 9085.1, 9085.1, 8764, 8835.1, 342.7, 4273.4, 7363.3], [9852.5, 10357.5, 10628, 11698.4, 11760.8, 6878.7, 9550.8, 0, 2385.2, 2385.2, 2573.4, 2502.4, 9893.5, 5443.2, 2416], [11394.4, 11899.4, 12169.9, 15598.4, 15536, 4626.3, 9085.1, 2385.2, 0, 0, 321, 250, 9427.7, 3190.8, 2340.6], [11394.4, 11899.4, 12169.9, 15598.4, 15536, 4626.3, 9085.1, 2385.2, 0, 0, 321, 250, 9427.7, 3190.8, 2340.6], [11582.6, 12087.6, 12358.1, 15277.4, 15215, 4221.3, 8764, 2573.4, 321, 321, 0, 71, 9106.7, 2945.5, 2019.6], [11511.6, 12016.6, 12287.1, 15348.4, 15286, 4292.4, 8835.1, 2502.4, 250, 250, 71, 0, 9177.7, 3016.5, 2090.6], [14436.6, 15406, 15135.5, 14065.1, 14002.7, 2599.2, 342.7, 9893.5, 9427.7, 9427.7, 9106.7, 9177.7, 0, 4479.5, 7706], [17200.8, 18170.2, 17899.7, 16829.3, 16766.9, 1880.3, 4273.4, 5443.2, 3190.8, 3190.8, 2945.5, 3016.5, 4479.5, 0, 4492.9], [14248.1, 15217.5, 14947.1, 13876.7, 13814.3, 5928.3, 7363.3, 2416, 2340.6, 2340.6, 2019.6, 2090.6, 7706, 4492.9, 0]]}