{"schools": [{"school_id": "50102683", "school_name": "SD NEGERI 5 ABABI", "demand": 83, "latitude": -8.404496199999999, "longitude": 115.5876226, "lunch_time": 570, "cluster": 104, "service_time": 38.2}, {"school_id": "50102707", "school_name": "SD NEGERI 6 ABABI", "demand": 136, "latitude": -8.4136504, "longitude": 115.5791627, "lunch_time": 570, "cluster": 104, "service_time": 59.4}, {"school_id": "50102710", "school_name": "SD NEGERI 6 BHUANA GIRI", "demand": 10, "latitude": -8.4218909, "longitude": 115.570035, "lunch_time": 570, "cluster": 104, "service_time": 9.0}, {"school_id": "50102759", "school_name": "SD NEGERI 4 BHUANA GIRI", "demand": 74, "latitude": -8.410549099999999, "longitude": 115.5704506, "lunch_time": 570, "cluster": 104, "service_time": 34.6}, {"school_id": "50102793", "school_name": "SMP NEGERI 3 BEBANDEM", "demand": 352, "latitude": -8.4072803, "longitude": 115.5685381, "lunch_time": 720, "cluster": 104, "service_time": 145.8}, {"school_id": "50102822", "school_name": "SD NEGERI 8 ABABI", "demand": 52, "latitude": -8.3971539, "longitude": 115.5823629, "lunch_time": 570, "cluster": 104, "service_time": 25.8}, {"school_id": "50102923", "school_name": "SD NEGERI 1 ABABI", "demand": 100, "latitude": -8.404231900000001, "longitude": 115.5881117, "lunch_time": 570, "cluster": 104, "service_time": 45.0}, {"school_id": "50102938", "school_name": "SD NEGERI 1 BHUANA GIRI", "demand": 121, "latitude": -8.4155173, "longitude": 115.5628293, "lunch_time": 570, "cluster": 104, "service_time": 53.4}, {"school_id": "50102948", "school_name": "SD NEGERI 3 BUDAKELING", "demand": 153, "latitude": -8.42243, "longitude": 115.57814, "lunch_time": 570, "cluster": 104, "service_time": 66.2}, {"school_id": "50102964", "school_name": "SD NEGERI 3 ABABI", "demand": 101, "latitude": -8.4037817, "longitude": 115.5722889, "lunch_time": 570, "cluster": 104, "service_time": 45.4}], "kitchens": [{"kitchen_name": "SPPG Karangasem Karangasem Padangkerta 2", "latitude": -8.425523822252433, "longitude": 115.59398778315924, "type": "sppg", "kitchen_id": "1a557ea7-b625-46de-8440-3889e0e37261", "capacity": 2000, "fixed_cost": 6000000, "maximum_vehicles": 2}, {"kitchen_name": "SPPG Karangasem Karangasem Padangkerta", "latitude": -8.43603902894372, "longitude": 115.59592493308222, "type": "sppg", "kitchen_id": "1c55c921-e1f7-498b-85ed-2bcdbf6b89f0", "capacity": 2000, "fixed_cost": 6000000, "maximum_vehicles": 2}, {"kitchen_name": "Katering Warung Nasi Campur Mok Luh jape", "latitude": -8.433556099999999, "longitude": 115.600776, "type": "catering_service", "kitchen_id": "6f099309-9004-4408-88c1-fb1a3f3757fa", "capacity": 2000, "fixed_cost": 6000000, "maximum_vehicles": 2}, {"kitchen_name": "Bali Wedding Catering", "latitude": -8.4398469, "longitude": 115.5959134, "type": "catering_service", "kitchen_id": "0453080c-0632-418f-8faf-237a30dccc14", "capacity": 2000, "fixed_cost": 6000000, "maximum_vehicles": 2}, {"kitchen_name": "SPPG Karangasem Karangasem Padangkerta 3", "latitude": -8.4418851, "longitude": 115.5965798, "type": "sppg", "kitchen_id": "d998be5c-f4f8-413f-ade6-9b708ab55818", "capacity": 2000, "fixed_cost": 6000000, "maximum_vehicles": 2}], "suppliers": [{"supplier_name": "Artshop Pegeg Sovenir Bali", "latitude": -8.4139948, "longitude": 115.5856319, "type": "market", "ingredient": "vegetables"}, {"supplier_name": "Pasar pande besi", "latitude": -8.4240374, "longitude": 115.5773474, "type": "market", "ingredient": "vegetables"}, {"supplier_name": "Local Market", "latitude": -8.4209058, "longitude": 115.5920854, "type": "market", "ingredient": "vegetables"}, {"supplier_name": "Sodagar paksi yan bluyun", "latitude": -8.4098965, "longitude": 115.5998601, "type": "market", "ingredient": "vegetables"}, {"supplier_name": "Arjun Satya (Ayam Potong)", "latitude": -8.4000431, "longitude": 115.5518419, "type": "butcher", "ingredient": "meat"}], "first_echelon_matrix": [[0.0, 2.3, 2.4, 6.7, 10.4, 2.6, 5.8, 8.4, 5.7, 6.4], [2.3, 0.0, 5.8, 7.9, 8.3, 4.9, 4.3, 6.9, 4.2, 4.9], [2.4, 5.8, 0.0, 7.5, 13.4, 1.1, 4.3, 6.9, 4.2, 4.9], [6.7, 7.9, 7.5, 0.0, 12.7, 8.5, 11.8, 6.3, 11.6, 12.4], [10.4, 8.3, 13.4, 12.7, 0.0, 12.5, 11.9, 14.5, 11.8, 12.5], [2.6, 4.9, 1.1, 8.5, 12.5, 0.0, 3.4, 6.0, 3.2, 4.0], [5.8, 4.3, 4.3, 11.8, 11.9, 3.4, 0.0, 2.7, 1.0, 1.6], [8.4, 6.9, 6.9, 6.3, 14.5, 6.0, 2.7, 0.0, 2.7, 3.3], [5.7, 4.2, 4.2, 11.6, 11.8, 3.2, 1.0, 2.7, 0.0, 0.7], [6.4, 4.9, 4.9, 12.4, 12.5, 4.0, 1.6, 3.3, 0.7, 0.0]], "second_echelon_matrix": [[0.0, 3.4, 6.0, 3.2, 4.0, 4.8, 3.6, 7.1, 7.5, 8.1, 6.4, 4.7, 8.6, 5.2, 6.1], [3.4, 0.0, 2.7, 1.0, 1.6, 8.0, 6.8, 6.5, 7.0, 7.6, 9.6, 7.9, 8.1, 4.7, 9.3], [6.0, 2.7, 0.0, 2.7, 3.3, 10.6, 9.4, 9.1, 9.6, 10.2, 12.2, 10.5, 10.7, 7.2, 11.9], [3.2, 1.0, 2.7, 0.0, 0.7, 7.9, 6.6, 6.4, 6.8, 7.5, 9.4, 7.8, 8.0, 4.5, 9.2], [4.0, 1.6, 3.3, 0.7, 0.0, 8.6, 7.4, 7.1, 7.6, 8.2, 10.2, 8.5, 8.7, 5.3, 9.9], [4.8, 8.0, 10.6, 7.9, 8.6, 0.0, 2.2, 6.8, 6.6, 4.8, 2.1, 0.4, 8.4, 3.8, 3.8], [3.6, 6.8, 9.4, 6.6, 7.4, 2.2, 0.0, 4.6, 4.3, 5.0, 3.8, 2.4, 6.2, 1.5, 2.5], [7.1, 6.5, 9.1, 6.4, 7.1, 6.8, 4.6, 0.0, 2.9, 4.1, 8.4, 7.0, 2.1, 3.0, 5.9], [7.5, 7.0, 9.6, 6.8, 7.6, 6.6, 4.3, 2.9, 0.0, 0.6, 8.2, 6.7, 1.7, 2.8, 2.4], [8.1, 7.6, 10.2, 7.5, 8.2, 4.8, 5.0, 4.1, 0.6, 0.0, 6.4, 5.0, 2.0, 3.4, 1.8], [6.4, 9.6, 12.2, 9.4, 10.2, 2.1, 3.8, 8.4, 8.2, 6.4, 0.0, 1.7, 10.0, 5.4, 5.4], [4.7, 7.9, 10.5, 7.8, 8.5, 0.4, 2.4, 7.0, 6.7, 5.0, 1.7, 0.0, 8.5, 3.9, 3.9], [9.2, 8.7, 11.3, 8.5, 9.3, 8.4, 6.2, 2.1, 1.7, 2.0, 10.0, 8.5, 0.0, 4.6, 3.8], [5.2, 4.7, 7.2, 4.5, 5.3, 3.8, 1.5, 3.0, 2.8, 3.4, 5.4, 3.9, 4.6, 0.0, 3.8], [6.1, 9.3, 11.9, 9.2, 9.9, 3.8, 2.5, 5.9, 2.4, 1.8, 5.4, 3.9, 3.8, 3.8, 0.0]], "ingredients": [{"name": "meat", "ratio_tray_to_kg": 0.1}, {"name": "vegetables", "ratio_tray_to_kg": 0.2}], "E1_vehicles": [{"capacity": 800, "variable_cost": 0.7, "fixed_cost": 100000}, {"capacity": 800, "variable_cost": 0.7, "fixed_cost": 100000}, {"capacity": 800, "variable_cost": 0.7, "fixed_cost": 100000}, {"capacity": 800, "variable_cost": 0.7, "fixed_cost": 100000}, {"capacity": 800, "variable_cost": 0.7, "fixed_cost": 100000}], "E2_vehicles": [{"capacity": 1000, "variable_cost": 0.8, "fixed_cost": 289000}, {"capacity": 1000, "variable_cost": 0.8, "fixed_cost": 289000}, {"capacity": 1000, "variable_cost": 0.8, "fixed_cost": 289000}, {"capacity": 1000, "variable_cost": 0.8, "fixed_cost": 289000}, {"capacity": 1000, "variable_cost": 0.8, "fixed_cost": 289000}, {"capacity": 1000, "variable_cost": 0.8, "fixed_cost": 289000}, {"capacity": 1000, "variable_cost": 0.8, "fixed_cost": 289000}, {"capacity": 1000, "variable_cost": 0.8, "fixed_cost": 289000}, {"capacity": 1000, "variable_cost": 0.8, "fixed_cost": 289000}, {"capacity": 1000, "variable_cost": 0.8, "fixed_cost": 289000}]}