{"schools": [{"school_id": "50102518", "school_name": "SD NEGERI 7 JEHEM", "demand": 34, "latitude": -8.4233381, "longitude": 115.3722399, "lunch_time": 570, "cluster": 99}, {"school_id": "50102529", "school_name": "SMP NEGERI 2 BANGLI", "demand": 464, "latitude": -8.4343547, "longitude": 115.3620208, "lunch_time": 720, "cluster": 99}, {"school_id": "50102548", "school_name": "SMP NEGERI 3 TEMBUKU", "demand": 238, "latitude": -8.430468, "longitude": 115.3795404, "lunch_time": 720, "cluster": 99}, {"school_id": "50102570", "school_name": "SMKN 4 BANGLI", "demand": 883, "latitude": -8.419653799999999, "longitude": 115.3647121, "lunch_time": 720, "cluster": 99}, {"school_id": "50102575", "school_name": "SMA NEGERI 2 BANGLI", "demand": 749, "latitude": -8.4353307, "longitude": 115.3613646, "lunch_time": 720, "cluster": 99}, {"school_id": "50102581", "school_name": "SD NEGERI 2 KUBU", "demand": 98, "latitude": -8.4241482, "longitude": 115.3567079, "lunch_time": 570, "cluster": 99}, {"school_id": "50102625", "school_name": "SD NEGERI 1 KUBU", "demand": 179, "latitude": -8.427486199999999, "longitude": 115.3643339, "lunch_time": 570, "cluster": 99}, {"school_id": "50102650", "school_name": "SD NEGERI 4 KAYUBIHI", "demand": 74, "latitude": -8.4157482, "longitude": 115.3635382, "lunch_time": 570, "cluster": 99}, {"school_id": "50103901", "school_name": "SD NEGERI 4 KUBU", "demand": 112, "latitude": -8.4331917, "longitude": 115.3626208, "lunch_time": 570, "cluster": 99}, {"school_id": "50105011", "school_name": "TK NEGERI PEMBINA BANGLI", "demand": 41, "latitude": -8.4302844, "longitude": 115.36363, "lunch_time": 480, "cluster": 99}], "kitchens": [{"kitchen_name": "Warung ayam bakar ibu listya penglipuran", "latitude": -8.4212366, "longitude": 115.3602782, "type": "buffet_restaurant"}, {"kitchen_name": "SPPG Bangli Bangli Cempaga", "latitude": -8.444477, "longitude": 115.3710535, "type": "sppg"}, {"kitchen_name": "SPB Catering", "latitude": -8.443776999999999, "longitude": 115.3560936, "type": "catering_service"}, {"kitchen_name": "SPPG Bangli Tembuku Tembuku 1", "latitude": -8.4280273, "longitude": 115.3856129, "type": "sppg"}, {"kitchen_name": "SPPG Bangli Bangli Kawan 2", "latitude": -8.456176700402485, "longitude": 115.35312178911656, "type": "sppg"}], "suppliers": [{"supplier_name": "Penglipuran Sewa Pakian Bali", "latitude": -8.425014, "longitude": 115.3579622, "type": "market"}, {"supplier_name": "Loloh Cem-cem Penglipuran Ibu Kunil", "latitude": -8.4209167, "longitude": 115.3603611, "type": "market"}, {"supplier_name": "Jual susu kedelai gusgnz", "latitude": -8.4399718, "longitude": 115.36968439999998, "type": "market"}, {"supplier_name": "warung spanduk pink", "latitude": -8.445027999999999, "longitude": 115.36900969999998, "type": "market"}, {"supplier_name": "BELAWA SEKAR SANDAT", "latitude": -8.4241856, "longitude": 115.3470834, "type": "butcher"}], "first_echelon_matrix": [[0, 599, 3821.9, 5654.3, 5732, 562.4, 5990.3, 4088.6, 11631.3, 5799.8], [599, 0, 3594.3, 5426.7, 6080.5, 36.5, 5762.7, 3861, 11403.7, 5572.2], [3821.9, 3594.3, 0, 547.2, 4991.7, 3557.8, 564.4, 2158.5, 6748, 3722.9], [5654.3, 5426.7, 547.2, 0, 4444.5, 5390.2, 559.9, 1611.3, 6200.9, 3175.8], [5732, 6080.5, 4991.7, 4444.5, 0, 6117, 4780.5, 2878.8, 10421.5, 5074.9], [562.4, 36.5, 3557.8, 5390.2, 6117, 0, 5726.2, 3824.5, 11367.2, 5535.7], [5990.3, 5762.7, 564.4, 559.9, 4780.5, 5726.2, 0, 1947.3, 6425.4, 3511.8], [4088.6, 3861, 2158.5, 1611.3, 2878.8, 3824.5, 1947.3, 0, 7588.3, 1756.8], [11631.3, 11403.7, 6748, 6200.9, 10421.5, 11367.2, 6425.4, 7588.3, 0, 9152.7], [5764.8, 5537.2, 3688, 3140.8, 5074.9, 5500.7, 3476.8, 1721.8, 9117.8, 0]], "second_echelon_matrix": [[0, 5726.2, 3824.5, 11367.2, 5535.7, 9212.4, 1899.8, 10364.4, 1199, 2046.7, 754.1, 1102.7, 1598.6, 1808.3, 1417.8], [5726.2, 0, 1947.3, 6425.4, 3511.8, 4270.7, 3826.4, 5422.6, 5531.7, 3842.7, 6182, 4659.8, 5931.3, 3990.6, 4308.4], [3824.5, 1947.3, 0, 7588.3, 1756.8, 5433.5, 1924.7, 6585.5, 3630, 1941, 4280.3, 2758.1, 4029.6, 2088.9, 2406.7], [11367.2, 6425.4, 7588.3, 0, 9152.7, 4249.2, 9467.3, 1347.2, 11172.7, 9483.6, 11822.9, 10300.7, 11572.3, 9631.6, 9949.4], [5500.7, 3476.8, 1721.8, 9117.8, 0, 6963, 3600.8, 8115, 5306.2, 3617.2, 5956.5, 4434.3, 5705.8, 3765.1, 4082.9], [9212.4, 4270.7, 5433.5, 3899.8, 6998, 0, 7312.6, 3671.8, 9017.9, 7328.9, 9668.2, 8146, 9417.5, 7476.8, 7794.6], [1899.8, 3826.4, 1924.7, 9467.3, 3635.8, 7312.6, 0, 8464.5, 1705.3, 146.9, 2355.6, 833.4, 2104.9, 164.2, 482], [10364.4, 5422.6, 6585.5, 1347.2, 8150, 3671.8, 8464.5, 0, 10169.9, 8480.9, 10820.2, 9298, 10569.5, 8628.8, 8946.6], [1199, 5531.7, 3630, 11172.7, 5341.1, 9017.9, 1705.3, 10169.9, 0, 1852.2, 1654.8, 908.2, 476.5, 1613.8, 1223.3], [2046.7, 3842.7, 1941, 9483.6, 3652.1, 7328.9, 146.9, 8480.9, 1852.2, 0, 2502.5, 980.3, 2251.8, 311.1, 628.9], [754.1, 6182, 4280.3, 11822.9, 5991.4, 9668.2, 2355.6, 10820.2, 1654.8, 2502.5, 0, 1558.5, 2054.4, 2264.1, 1873.6], [1102.7, 4659.8, 2758.1, 10300.7, 4469.2, 8146, 833.4, 9298, 908.2, 980.3, 1558.5, 0, 1307.8, 741.9, 351.4], [1598.6, 5931.3, 4029.6, 11572.3, 5740.8, 9417.5, 2104.9, 10569.5, 476.5, 2251.8, 2054.4, 1307.8, 0, 2013.4, 1622.9], [1808.3, 3990.6, 2088.9, 9631.6, 3800.1, 7476.8, 164.2, 8628.8, 1613.8, 311.1, 2264.1, 741.9, 2013.4, 0, 390.5], [1417.8, 4308.4, 2406.7, 9949.4, 4117.8, 7794.6, 482, 8946.6, 1223.3, 628.9, 1873.6, 351.4, 1622.9, 390.5, 0]]}