{"schools": [{"school_id": "50102683", "school_name": "SD NEGERI 5 ABABI", "demand": 83, "latitude": -8.404496199999999, "longitude": 115.5876226, "lunch_time": 570, "cluster": 23, "service_time": 38.2}, {"school_id": "50102707", "school_name": "SD NEGERI 6 ABABI", "demand": 136, "latitude": -8.4136504, "longitude": 115.5791627, "lunch_time": 570, "cluster": 23, "service_time": 59.4}, {"school_id": "50102759", "school_name": "SD NEGERI 4 BHUANA GIRI", "demand": 74, "latitude": -8.410549099999999, "longitude": 115.5704506, "lunch_time": 570, "cluster": 23, "service_time": 34.6}, {"school_id": "50102793", "school_name": "SMP NEGERI 3 BEBANDEM", "demand": 352, "latitude": -8.4072803, "longitude": 115.5685381, "lunch_time": 720, "cluster": 23, "service_time": 145.8}, {"school_id": "50102822", "school_name": "SD NEGERI 8 ABABI", "demand": 52, "latitude": -8.3971539, "longitude": 115.5823629, "lunch_time": 570, "cluster": 23, "service_time": 25.8}, {"school_id": "50102824", "school_name": "SD NEGERI 7 BHUANA GIRI", "demand": 140, "latitude": -8.4069589, "longitude": 115.5536953, "lunch_time": 570, "cluster": 23, "service_time": 61.0}, {"school_id": "50102923", "school_name": "SD NEGERI 1 ABABI", "demand": 100, "latitude": -8.404231900000001, "longitude": 115.5881117, "lunch_time": 570, "cluster": 23, "service_time": 45.0}, {"school_id": "50102938", "school_name": "SD NEGERI 1 BHUANA GIRI", "demand": 121, "latitude": -8.4155173, "longitude": 115.5628293, "lunch_time": 570, "cluster": 23, "service_time": 53.4}, {"school_id": "50102964", "school_name": "SD NEGERI 3 ABABI", "demand": 101, "latitude": -8.4037817, "longitude": 115.5722889, "lunch_time": 570, "cluster": 23, "service_time": 45.4}, {"school_id": "50102988", "school_name": "SD NEGERI 2 BHUANA GIRI", "demand": 104, "latitude": -8.3978441, "longitude": 115.5627662, "lunch_time": 570, "cluster": 23, "service_time": 46.6}], "kitchens": [{"kitchen_name": "SPPG Karangasem Karangasem Padangkerta 2", "latitude": -8.425523822252433, "longitude": 115.59398778315924, "type": "sppg", "kitchen_id": "c6fb2325-8014-4e42-9702-80c16798d168", "capacity": 2000, "fixed_cost": 6000000, "maximum_vehicles": 2}, {"kitchen_name": "SPPG Karangasem Karangasem Padangkerta", "latitude": -8.43603902894372, "longitude": 115.59592493308222, "type": "sppg", "kitchen_id": "3e72ac11-4cc5-44dd-9b83-ca01e1666ae8", "capacity": 2000, "fixed_cost": 6000000, "maximum_vehicles": 2}, {"kitchen_name": "Katering Warung Nasi Campur Mok Luh jape", "latitude": -8.433556099999999, "longitude": 115.600776, "type": "catering_service", "kitchen_id": "8f83bbf3-6b36-4356-8ab7-c669e53c7369", "capacity": 2000, "fixed_cost": 6000000, "maximum_vehicles": 2}, {"kitchen_name": "Bali Wedding Catering", "latitude": -8.4398469, "longitude": 115.5959134, "type": "catering_service", "kitchen_id": "665005b2-5b8a-401d-adbf-27275c35c5e1", "capacity": 2000, "fixed_cost": 6000000, "maximum_vehicles": 2}, {"kitchen_name": "SPPG Karangasem Karangasem Padangkerta 3", "latitude": -8.4418851, "longitude": 115.5965798, "type": "sppg", "kitchen_id": "a21adc15-dc1e-475b-875c-ab640f8e66c5", "capacity": 2000, "fixed_cost": 6000000, "maximum_vehicles": 2}], "suppliers": [{"supplier_name": "Artshop Pegeg Sovenir Bali", "latitude": -8.4139948, "longitude": 115.5856319, "type": "market", "supplier_id": "2a6c542a-efaf-4f64-9340-074d512c8f29", "ingredient": "vegetables"}, {"supplier_name": "Pasar pande besi", "latitude": -8.4240374, "longitude": 115.5773474, "type": "market", "supplier_id": "d5f493a2-db38-401f-a202-df9cb2e528bd", "ingredient": "vegetables"}, {"supplier_name": "Stone Crusher,Angga Sedana Rahayu", "latitude": -8.3901224, "longitude": 115.55853099999996, "type": "market", "supplier_id": "7615d05d-1dca-497e-af54-09383e09c9d2", "ingredient": "vegetables"}, {"supplier_name": "Arjun Satya (Ayam Potong)", "latitude": -8.4000431, "longitude": 115.5518419, "type": "butcher", "supplier_id": "68c23d0a-975b-497b-bb2c-15d833c66c32", "ingredient": "meat"}, {"supplier_name": "Local Market", "latitude": -8.4209058, "longitude": 115.5920854, "type": "market", "supplier_id": "fb024134-9251-43f4-b559-3683d7ed168e", "ingredient": "vegetables"}], "first_echelon_matrix": [[0.0, 2.3, 7.6, 10.4, 2.4, 2.6, 5.8, 8.4, 5.7, 6.4], [2.3, 0.0, 6.8, 8.3, 5.8, 4.9, 4.3, 6.9, 4.2, 4.9], [7.6, 6.8, 0.0, 7.6, 9.1, 9.7, 11.1, 13.7, 11.0, 11.7], [10.4, 8.3, 7.6, 0.0, 13.4, 12.5, 11.9, 14.5, 11.8, 12.5], [2.4, 5.8, 9.1, 13.4, 0.0, 1.1, 4.3, 6.9, 4.2, 4.9], [2.6, 4.9, 9.7, 12.5, 1.1, 0.0, 3.4, 6.0, 3.2, 4.0], [5.8, 4.3, 11.1, 11.9, 4.3, 3.4, 0.0, 2.7, 1.0, 1.6], [8.4, 6.9, 13.7, 14.5, 6.9, 6.0, 2.7, 0.0, 2.7, 3.3], [5.7, 4.2, 11.0, 11.8, 4.2, 3.2, 1.0, 2.7, 0.0, 0.7], [6.4, 4.9, 11.7, 12.5, 4.9, 4.0, 1.6, 3.3, 0.7, 0.0]], "second_echelon_matrix": [[0.0, 3.4, 6.0, 3.2, 4.0, 4.8, 3.6, 7.5, 8.1, 6.4, 10.5, 4.7, 8.6, 6.1, 8.2], [3.4, 0.0, 2.7, 1.0, 1.6, 8.0, 6.8, 7.0, 7.6, 9.6, 9.9, 7.9, 8.1, 9.3, 9.6], [6.0, 2.7, 0.0, 2.7, 3.3, 10.6, 9.4, 9.6, 10.2, 12.2, 12.5, 10.5, 10.7, 11.9, 12.2], [3.2, 1.0, 2.7, 0.0, 0.7, 7.9, 6.6, 6.8, 7.5, 9.4, 9.8, 7.8, 8.0, 9.2, 9.4], [4.0, 1.6, 3.3, 0.7, 0.0, 8.6, 7.4, 7.6, 8.2, 10.2, 10.5, 8.5, 8.7, 9.9, 10.2], [4.8, 8.0, 10.6, 7.9, 8.6, 0.0, 2.2, 6.6, 4.8, 2.1, 10.2, 0.4, 8.4, 3.8, 5.9], [3.6, 6.8, 9.4, 6.6, 7.4, 2.2, 0.0, 4.3, 5.0, 3.8, 8.0, 2.4, 6.2, 2.5, 4.6], [7.5, 7.0, 9.6, 6.8, 7.6, 6.6, 4.3, 0.0, 0.6, 8.2, 4.0, 6.7, 1.7, 2.4, 2.6], [8.1, 7.6, 10.2, 7.5, 8.2, 4.8, 5.0, 0.6, 0.0, 6.4, 4.3, 5.0, 2.0, 1.8, 2.0], [6.4, 9.6, 12.2, 9.4, 10.2, 2.1, 3.8, 8.2, 6.4, 0.0, 11.8, 1.7, 10.0, 5.4, 7.5], [10.5, 9.9, 12.5, 9.8, 10.5, 10.2, 8.0, 4.0, 4.3, 11.8, 0.0, 10.4, 2.3, 6.1, 6.2], [4.7, 7.9, 10.5, 7.8, 8.5, 0.4, 2.4, 6.7, 5.0, 1.7, 10.4, 0.0, 8.5, 3.9, 6.0], [9.2, 8.7, 11.3, 8.5, 9.3, 8.4, 6.2, 1.7, 2.0, 10.0, 2.3, 8.5, 0.0, 3.8, 4.0], [6.1, 9.3, 11.9, 9.2, 9.9, 3.8, 2.5, 2.4, 1.8, 5.4, 6.1, 3.9, 3.8, 0.0, 2.6], [8.2, 9.6, 12.2, 9.4, 10.2, 5.9, 4.6, 2.6, 2.0, 7.5, 6.2, 6.0, 4.0, 2.6, 0.0]], "ingredients": [{"name": "meat", "ratio_tray_to_kg": 0.1}, {"name": "vegetables", "ratio_tray_to_kg": 0.2}], "E1_vehicles": [{"capacity": 800, "variable_cost": 0.7, "fixed_cost": 100000}, {"capacity": 800, "variable_cost": 0.7, "fixed_cost": 100000}, {"capacity": 800, "variable_cost": 0.7, "fixed_cost": 100000}, {"capacity": 800, "variable_cost": 0.7, "fixed_cost": 100000}, {"capacity": 800, "variable_cost": 0.7, "fixed_cost": 100000}], "E2_vehicles": [{"capacity": 1000, "variable_cost": 0.8, "fixed_cost": 289000}, {"capacity": 1000, "variable_cost": 0.8, "fixed_cost": 289000}, {"capacity": 1000, "variable_cost": 0.8, "fixed_cost": 289000}, {"capacity": 1000, "variable_cost": 0.8, "fixed_cost": 289000}, {"capacity": 1000, "variable_cost": 0.8, "fixed_cost": 289000}, {"capacity": 1000, "variable_cost": 0.8, "fixed_cost": 289000}, {"capacity": 1000, "variable_cost": 0.8, "fixed_cost": 289000}, {"capacity": 1000, "variable_cost": 0.8, "fixed_cost": 289000}, {"capacity": 1000, "variable_cost": 0.8, "fixed_cost": 289000}, {"capacity": 1000, "variable_cost": 0.8, "fixed_cost": 289000}]}