{"schools": [{"school_id": "50102518", "school_name": "SD NEGERI 7 JEHEM", "demand": 34, "latitude": -8.4233381, "longitude": 115.3722399, "lunch_time": 570, "cluster": 99, "service_time": 18.6}, {"school_id": "50102529", "school_name": "SMP NEGERI 2 BANGLI", "demand": 464, "latitude": -8.4343547, "longitude": 115.3620208, "lunch_time": 720, "cluster": 99, "service_time": 190.6}, {"school_id": "50102548", "school_name": "SMP NEGERI 3 TEMBUKU", "demand": 238, "latitude": -8.430468, "longitude": 115.3795404, "lunch_time": 720, "cluster": 99, "service_time": 100.2}, {"school_id": "50102570", "school_name": "SMKN 4 BANGLI", "demand": 883, "latitude": -8.419653799999999, "longitude": 115.3647121, "lunch_time": 720, "cluster": 99, "service_time": 358.2}, {"school_id": "50102575", "school_name": "SMA NEGERI 2 BANGLI", "demand": 749, "latitude": -8.4353307, "longitude": 115.3613646, "lunch_time": 720, "cluster": 99, "service_time": 304.6}, {"school_id": "50102581", "school_name": "SD NEGERI 2 KUBU", "demand": 98, "latitude": -8.4241482, "longitude": 115.3567079, "lunch_time": 570, "cluster": 99, "service_time": 44.2}, {"school_id": "50102625", "school_name": "SD NEGERI 1 KUBU", "demand": 179, "latitude": -8.427486199999999, "longitude": 115.3643339, "lunch_time": 570, "cluster": 99, "service_time": 76.6}, {"school_id": "50102650", "school_name": "SD NEGERI 4 KAYUBIHI", "demand": 74, "latitude": -8.4157482, "longitude": 115.3635382, "lunch_time": 570, "cluster": 99, "service_time": 34.6}, {"school_id": "50103901", "school_name": "SD NEGERI 4 KUBU", "demand": 112, "latitude": -8.4331917, "longitude": 115.3626208, "lunch_time": 570, "cluster": 99, "service_time": 49.8}, {"school_id": "50105011", "school_name": "TK NEGERI PEMBINA BANGLI", "demand": 41, "latitude": -8.4302844, "longitude": 115.36363, "lunch_time": 480, "cluster": 99, "service_time": 21.4}], "kitchens": [{"kitchen_name": "Warung ayam bakar ibu listya penglipuran", "latitude": -8.4212366, "longitude": 115.3602782, "type": "buffet_restaurant", "kitchen_id": "6bfa8f70-3feb-4cc5-85c8-407eff8fb0eb", "capacity": 2000, "fixed_cost": 6000000, "maximum_vehicles": 2}, {"kitchen_name": "SPPG Bangli Bangli Cempaga", "latitude": -8.444477, "longitude": 115.3710535, "type": "sppg", "kitchen_id": "92d06f07-cf58-4bbb-bbc7-2bdfd6861e0d", "capacity": 2000, "fixed_cost": 6000000, "maximum_vehicles": 2}, {"kitchen_name": "SPB Catering", "latitude": -8.443776999999999, "longitude": 115.3560936, "type": "catering_service", "kitchen_id": "41dca251-f3ee-4ba1-9ecb-315dc13f1fb8", "capacity": 2000, "fixed_cost": 6000000, "maximum_vehicles": 2}, {"kitchen_name": "SPPG Bangli Tembuku Tembuku 1", "latitude": -8.4280273, "longitude": 115.3856129, "type": "sppg", "kitchen_id": "c19daff1-3e0c-4c82-a980-d0b790d11144", "capacity": 2000, "fixed_cost": 6000000, "maximum_vehicles": 2}, {"kitchen_name": "SPPG Bangli Bangli Kawan 2", "latitude": -8.456176700402485, "longitude": 115.35312178911656, "type": "sppg", "kitchen_id": "9707d338-1b83-4e9a-b72d-8b8b30a33c1a", "capacity": 2000, "fixed_cost": 6000000, "maximum_vehicles": 2}], "suppliers": [{"supplier_name": "Penglipuran Sewa Pakian Bali", "latitude": -8.425014, "longitude": 115.3579622, "type": "market", "supplier_id": "29a6ee1c-e3fc-4bd6-8124-df4a500d6b7d", "ingredient": "vegetables"}, {"supplier_name": "Loloh Cem-cem Penglipuran Ibu Kunil", "latitude": -8.4209167, "longitude": 115.3603611, "type": "market", "supplier_id": "90515d5f-108c-4c3e-ae78-c143b1f6a7f5", "ingredient": "vegetables"}, {"supplier_name": "Jual susu kedelai gusgnz", "latitude": -8.4399718, "longitude": 115.36968439999998, "type": "market", "supplier_id": "985cd837-d39c-4a60-b3a9-f64d807a8502", "ingredient": "vegetables"}, {"supplier_name": "warung spanduk pink", "latitude": -8.445027999999999, "longitude": 115.36900969999998, "type": "market", "supplier_id": "69354a4e-3988-45f8-8806-00373582a504", "ingredient": "vegetables"}, {"supplier_name": "BELAWA SEKAR SANDAT", "latitude": -8.4241856, "longitude": 115.3470834, "type": "butcher", "supplier_id": "05ee8152-33e5-476e-b521-e4fb214e3eca", "ingredient": "meat"}], "first_echelon_matrix": [[0.0, 0.9, 5.7, 8.5, 8.6, 0.8, 9.0, 6.1, 17.4, 8.7], [0.9, 0.0, 5.4, 8.1, 9.1, 0.1, 8.6, 5.8, 17.1, 8.4], [5.7, 5.4, 0.0, 0.8, 7.5, 5.3, 0.8, 3.2, 10.1, 5.6], [8.5, 8.1, 0.8, 0.0, 6.7, 8.1, 0.8, 2.4, 9.3, 4.8], [8.6, 9.1, 7.5, 6.7, 0.0, 9.2, 7.2, 4.3, 15.6, 7.6], [0.8, 0.1, 5.3, 8.1, 9.2, 0.0, 8.6, 5.7, 17.1, 8.3], [9.0, 8.6, 0.8, 0.8, 7.2, 8.6, 0.0, 2.9, 9.6, 5.3], [6.1, 5.8, 3.2, 2.4, 4.3, 5.7, 2.9, 0.0, 11.4, 2.6], [17.4, 17.1, 10.1, 9.3, 15.6, 17.1, 9.6, 11.4, 0.0, 13.7], [8.6, 8.3, 5.5, 4.7, 7.6, 8.3, 5.2, 2.6, 13.7, 0.0]], "second_echelon_matrix": [[0.0, 8.6, 5.7, 17.1, 8.3, 13.8, 2.8, 15.5, 1.8, 3.1, 1.1, 1.7, 2.4, 2.7, 2.1], [8.6, 0.0, 2.9, 9.6, 5.3, 6.4, 5.7, 8.1, 8.3, 5.8, 9.3, 7.0, 8.9, 6.0, 6.5], [5.7, 2.9, 0.0, 11.4, 2.6, 8.2, 2.9, 9.9, 5.4, 2.9, 6.4, 4.1, 6.0, 3.1, 3.6], [17.1, 9.6, 11.4, 0.0, 13.7, 6.4, 14.2, 2.0, 16.8, 14.2, 17.7, 15.5, 17.4, 14.4, 14.9], [8.3, 5.2, 2.6, 13.7, 0.0, 10.4, 5.4, 12.2, 8.0, 5.4, 8.9, 6.7, 8.6, 5.6, 6.1], [13.8, 6.4, 8.2, 5.8, 10.5, 0.0, 11.0, 5.5, 13.5, 11.0, 14.5, 12.2, 14.1, 11.2, 11.7], [2.8, 5.7, 2.9, 14.2, 5.5, 11.0, 0.0, 12.7, 2.6, 0.2, 3.5, 1.3, 3.2, 0.2, 0.7], [15.5, 8.1, 9.9, 2.0, 12.2, 5.5, 12.7, 0.0, 15.3, 12.7, 16.2, 13.9, 15.9, 12.9, 13.4], [1.8, 8.3, 5.4, 16.8, 8.0, 13.5, 2.6, 15.3, 0.0, 2.8, 2.5, 1.4, 0.7, 2.4, 1.8], [3.1, 5.8, 2.9, 14.2, 5.5, 11.0, 0.2, 12.7, 2.8, 0.0, 3.8, 1.5, 3.4, 0.5, 0.9], [1.1, 9.3, 6.4, 17.7, 9.0, 14.5, 3.5, 16.2, 2.5, 3.8, 0.0, 2.3, 3.1, 3.4, 2.8], [1.7, 7.0, 4.1, 15.5, 6.7, 12.2, 1.3, 13.9, 1.4, 1.5, 2.3, 0.0, 2.0, 1.1, 0.5], [2.4, 8.9, 6.0, 17.4, 8.6, 14.1, 3.2, 15.9, 0.7, 3.4, 3.1, 2.0, 0.0, 3.0, 2.4], [2.7, 6.0, 3.1, 14.4, 5.7, 11.2, 0.2, 12.9, 2.4, 0.5, 3.4, 1.1, 3.0, 0.0, 0.6], [2.1, 6.5, 3.6, 14.9, 6.2, 11.7, 0.7, 13.4, 1.8, 0.9, 2.8, 0.5, 2.4, 0.6, 0.0]], "ingredients": [{"name": "meat", "ratio_tray_to_kg": 0.1}, {"name": "vegetables", "ratio_tray_to_kg": 0.2}], "E1_vehicles": [{"capacity": 800, "variable_cost": 0.7, "fixed_cost": 100000}, {"capacity": 800, "variable_cost": 0.7, "fixed_cost": 100000}, {"capacity": 800, "variable_cost": 0.7, "fixed_cost": 100000}, {"capacity": 800, "variable_cost": 0.7, "fixed_cost": 100000}, {"capacity": 800, "variable_cost": 0.7, "fixed_cost": 100000}], "E2_vehicles": [{"capacity": 1000, "variable_cost": 0.8, "fixed_cost": 289000}, {"capacity": 1000, "variable_cost": 0.8, "fixed_cost": 289000}, {"capacity": 1000, "variable_cost": 0.8, "fixed_cost": 289000}, {"capacity": 1000, "variable_cost": 0.8, "fixed_cost": 289000}, {"capacity": 1000, "variable_cost": 0.8, "fixed_cost": 289000}, {"capacity": 1000, "variable_cost": 0.8, "fixed_cost": 289000}, {"capacity": 1000, "variable_cost": 0.8, "fixed_cost": 289000}, {"capacity": 1000, "variable_cost": 0.8, "fixed_cost": 289000}, {"capacity": 1000, "variable_cost": 0.8, "fixed_cost": 289000}, {"capacity": 1000, "variable_cost": 0.8, "fixed_cost": 289000}]}